0,0,0,0,0,0,0,0,0,0,0,0,0
0,0,0,0,0,1,1,1,0,0,0,0,0
0,0,0,0,0,1,1,1,0,0,0,0,0
0,0,0,0,0,1,1,1,0,0,0,0,0
0,1,1,1,1,1,1,1,1,1,1,1,0
0,1,1,1,1,1,1,1,1,1,1,1,0
0,1,1,1,1,1,1,1,1,1,1,1,0
0,1,1,1,1,1,1,1,1,1,1,1,0
0,1,1,1,1,1,1,1,1,1,1,1,0
0,1,1,1,1,1,1,1,1,1,1,1,0
0,1,1,1,1,1,1,1,1,1,1,1,0
0,1,1,1,1,1,1,1,1,1,1,1,0
0,1,1,1,1,1,1,1,1,1,1,1,0
0,1,1,1,1,1,1,1,1,1,1,1,0
0,1,1,1,1,1,1,1,1,1,1,1,0
0,0,0,0,0,0,0,0,0,0,0,0,0
@
650,250
bossarea
true
2,5,9,9
@
spawn
61
6,8
2,5,9,9
163
4,9
2,5,9,9
133
8,9
2,5,9,9
143
9,5
2,5,9,9
143
3,5
2,5,9,9
193
6,10
2,5,9,9
93
9,12
2,5,9,9
91
3,12
2,5,9,9
92
6,13
2,5,9,9
@