0,0,0,0,0,0,0,0,0,0,0,0,0,0,0,0,0,0,0,0,0,0,0,0,0,0,0,0,0,0,0,0,0,0,0,0,0,0,0,0,0,0,0,0,0,0,0,0,0,0
0,1,1,1,1,1,1,1,1,1,1,1,1,1,1,1,1,1,1,1,1,1,1,1,1,1,1,1,1,1,1,1,1,1,0,0,0,0,0,0,0,0,0,0,0,0,0,0,0,0
0,1,1,1,1,1,1,1,1,1,1,1,1,1,1,1,1,1,1,1,1,1,1,1,1,1,1,1,1,1,1,1,1,1,0,0,0,0,0,0,0,0,0,0,0,0,0,0,0,0
0,1,1,41,41,41,41,41,41,41,41,41,41,41,41,41,41,41,41,41,41,41,41,41,41,41,41,41,41,41,41,41,1,1,0,0,0,0,0,0,0,0,0,0,0,0,0,0,0,0
0,1,1,41,41,41,41,41,41,41,41,41,41,41,41,41,41,41,41,41,41,41,41,41,41,41,41,41,41,41,41,41,1,1,0,0,0,0,0,0,0,0,0,0,0,0,0,0,0,0
0,1,1,41,41,41,41,41,41,41,41,41,41,41,41,41,41,41,41,41,41,41,41,41,41,41,41,41,41,41,41,41,1,1,0,0,0,0,0,0,0,0,0,0,0,0,0,0,0,0
0,1,1,41,41,41,41,41,41,41,41,41,41,41,41,41,41,41,41,41,41,41,41,41,41,41,41,41,41,41,41,41,1,1,0,0,0,0,0,0,0,0,0,0,0,0,0,0,0,0
0,1,1,41,41,41,41,1,1,1,1,1,1,1,1,1,1,1,1,1,1,1,1,1,1,1,1,1,41,41,41,41,1,1,0,0,0,0,0,0,0,0,0,0,0,0,0,0,0,0
0,1,1,41,41,41,41,1,1,1,1,1,1,1,1,1,1,1,1,1,1,1,1,1,1,1,1,1,41,41,41,41,1,1,0,0,0,0,0,0,0,0,0,0,0,0,0,0,0,0
0,1,1,41,41,41,41,1,1,0,0,0,0,0,0,0,0,0,0,0,0,0,0,0,0,0,1,1,41,41,41,41,1,1,0,0,0,0,0,0,0,0,0,0,0,0,0,0,0,0
0,1,1,41,41,41,41,1,1,0,0,0,0,0,0,0,0,0,0,0,0,0,0,0,0,0,1,1,41,41,41,41,1,1,0,0,0,0,0,0,0,0,0,0,0,0,0,0,0,0
0,1,1,41,41,41,41,1,1,0,0,0,0,0,0,0,0,0,0,0,0,0,0,0,0,0,1,1,41,41,41,41,1,1,0,0,0,0,0,0,0,0,0,0,0,0,0,0,0,0
0,1,1,41,41,41,41,1,1,0,0,0,0,0,0,0,0,0,0,0,0,0,0,0,0,0,1,1,41,41,41,41,1,1,0,0,0,0,0,0,0,0,0,0,0,0,0,0,0,0
0,1,1,41,41,41,41,1,1,0,0,0,0,0,0,0,0,0,0,0,0,0,0,0,0,0,1,1,41,41,41,41,1,1,0,0,0,0,0,0,0,0,0,0,0,0,0,0,0,0
0,1,1,41,41,41,41,1,1,0,0,0,0,0,0,0,0,0,0,0,0,0,0,0,0,0,1,1,41,41,41,41,1,1,0,0,0,0,0,0,0,0,0,0,0,0,0,0,0,0
0,1,1,41,41,41,41,1,1,1,1,1,1,1,1,1,1,1,1,1,1,92,32,1,1,52,1,1,41,41,41,41,1,1,0,0,0,0,0,0,0,0,0,0,0,0,0,0,0,0
0,1,1,41,41,41,41,1,1,1,1,1,1,1,1,140,1,1,1,140,1,92,32,1,1,52,1,1,41,41,41,41,1,1,0,0,0,0,0,0,0,0,0,0,0,0,0,0,0,0
0,1,1,41,41,41,41,1,1,0,0,0,0,0,1,1,1,1,1,1,1,0,0,0,0,0,1,1,41,41,41,41,1,1,0,0,0,0,0,0,0,0,0,0,0,0,0,0,0,0
0,1,1,41,41,41,41,1,1,0,0,0,0,0,1,1,1,7,1,1,1,0,0,0,0,0,1,1,41,41,41,41,1,1,0,0,0,0,0,0,0,0,0,0,0,0,0,0,0,0
0,1,1,41,41,41,41,1,1,0,0,0,0,0,1,1,1,1,1,1,1,0,0,0,0,0,1,1,41,41,41,41,1,1,0,0,0,0,0,0,0,0,0,0,0,0,0,0,0,0
0,1,1,41,41,41,41,1,1,0,0,0,0,0,1,140,1,1,1,140,1,0,0,0,0,0,0,0,0,0,0,0,1,1,0,0,0,0,0,0,0,0,0,0,0,0,0,0,0,0
0,1,1,41,41,41,41,1,1,0,0,0,0,0,1,1,1,1,1,1,1,0,0,0,0,0,0,0,0,0,0,0,1,1,0,0,0,0,0,0,0,0,0,0,0,0,0,0,0,0
0,1,1,41,41,41,41,1,1,0,0,0,0,0,0,0,1,1,1,0,0,0,0,0,0,0,0,1,1,1,1,1,1,1,0,0,0,0,0,0,0,0,0,0,0,0,0,0,0,0
0,1,1,41,41,41,41,1,1,0,0,0,0,0,0,0,1,110,1,0,0,0,0,0,0,0,0,1,1,1,1,1,1,1,0,0,0,0,0,0,0,0,0,0,0,0,0,0,0,0
0,1,1,41,41,41,41,1,120,0,0,0,0,0,0,0,1,1,1,0,0,0,0,0,0,0,0,1,1,1,1,1,1,1,0,0,0,0,0,0,0,0,0,0,0,0,0,0,0,0
0,0,0,0,0,0,0,0,0,0,0,0,0,0,0,0,1,1,1,0,0,0,0,0,0,0,0,1,1,1,1,1,1,1,0,0,0,0,0,0,0,0,0,0,0,0,0,0,0,0
0,0,0,0,0,0,0,0,0,0,0,0,0,0,0,0,110,1,1,0,0,0,0,0,0,0,0,1,1,1,1,1,1,1,0,0,0,0,0,0,0,0,0,0,0,0,0,0,0,0
0,1,1,40,40,40,40,1,1,0,0,0,0,0,0,0,1,1,1,0,0,0,0,0,0,0,0,1,1,1,1,1,1,1,0,0,0,0,0,0,0,0,0,0,0,0,0,0,0,0
0,1,1,40,40,40,40,1,1,0,0,0,0,0,0,0,1,1,110,0,0,0,0,0,0,0,0,1,1,1,1,1,1,1,0,0,0,0,0,0,0,0,0,0,0,0,0,0,0,0
0,1,1,40,40,40,40,1,1,0,0,0,0,0,0,0,1,1,1,0,0,0,0,0,0,0,0,0,0,0,0,0,0,1,0,0,0,0,0,0,0,0,0,0,0,0,0,0,0,0
0,1,1,40,1,140,1,1,1,0,0,0,0,120,1,1,1,1,1,1,1,1,0,0,0,0,0,0,0,0,0,0,0,50,0,0,0,0,0,0,0,0,0,0,0,0,0,0,0,0
0,1,1,1,1,1,1,1,140,0,0,0,0,1,1,1,1,1,1,1,1,1,0,0,0,0,0,0,0,0,0,0,0,0,0,0,0,0,0,0,0,0,0,0,0,0,0,0,0,0
0,140,1,1,1,1,1,1,1,0,0,0,0,1,1,1,1,1,1,1,1,1,0,0,0,0,0,0,0,0,0,0,0,0,0,0,0,0,0,0,0,0,0,0,0,0,0,0,0,0
0,1,1,1,140,1,1,1,1,0,0,0,0,1,1,1,1,1,1,1,1,1,0,0,0,0,0,0,0,0,0,0,0,0,0,0,0,0,0,0,0,0,0,0,0,0,0,0,0,0
0,1,1,1,1,1,1,1,1,1,1,1,52,1,1,1,1,7,1,1,1,1,56,1,31,1,160,0,0,0,0,0,0,0,0,0,0,0,0,0,0,0,0,0,0,0,0,0,0,0
0,1,140,1,1,1,40,1,1,0,0,0,0,1,1,1,1,1,1,1,1,1,0,0,0,0,0,0,0,0,0,0,0,0,0,0,0,0,0,0,0,0,0,0,0,0,0,0,0,0
0,1,1,1,1,40,40,140,1,0,0,0,0,1,1,1,1,1,1,1,1,1,0,0,0,0,0,0,0,0,0,0,0,0,0,0,0,0,0,0,0,0,0,0,0,0,0,0,0,0
0,1,1,1,1,40,40,1,1,0,0,0,0,1,1,1,1,1,1,1,1,1,0,0,0,0,0,0,0,0,0,0,0,0,0,0,0,0,0,0,0,0,0,0,0,0,0,0,0,0
0,1,1,1,40,40,40,1,1,0,0,0,0,1,1,1,1,1,1,1,1,1,0,0,0,0,0,0,0,0,0,0,0,0,0,0,0,0,0,0,40,40,40,40,40,40,40,40,40,0
0,1,1,140,40,40,40,1,1,0,0,0,0,0,0,0,0,56,0,0,0,0,0,0,0,0,0,0,0,0,0,0,0,0,0,0,0,0,0,0,40,17,12,15,1,11,1,1,40,0
0,1,1,1,40,40,40,1,1,0,0,0,0,0,0,0,0,1,0,0,0,0,0,0,0,0,0,40,40,40,40,40,40,40,40,40,40,40,40,40,40,1,1,11,1,11,14,12,40,0
0,1,1,40,40,40,40,1,140,0,0,0,0,0,0,0,0,1,0,0,0,0,0,0,0,0,0,40,14,12,15,1,1,140,1,1,1,140,1,1,1,14,12,13,12,13,16,1,40,0
0,1,142,110,110,110,110,1,1,0,0,0,0,0,0,0,0,1,0,0,0,0,0,0,0,0,0,120,11,162,11,31,1,1,1,1,1,1,1,1,1,11,1,11,1,11,1,1,40,0
0,1,1,40,40,40,40,1,1,1,1,1,140,1,1,1,1,1,1,1,1,0,0,0,0,0,0,40,17,12,16,1,1,140,1,1,1,140,1,1,1,11,1,21,12,20,12,12,40,0
0,1,1,40,40,40,40,1,1,1,1,1,1,1,1,1,140,1,1,1,140,0,0,0,0,0,0,40,40,40,40,40,40,40,40,40,40,40,40,40,40,16,1,11,1,1,1,1,40,0
0,1,1,40,40,40,40,40,40,110,40,40,40,40,40,40,40,40,40,1,40,0,0,0,0,0,0,0,0,0,0,0,0,0,0,0,0,0,0,0,40,1,1,17,12,12,15,1,40,0
0,1,1,140,40,40,40,40,40,110,40,40,40,40,40,40,40,40,40,1,40,0,0,0,0,0,0,0,0,0,0,0,0,0,0,0,0,0,0,0,40,40,40,40,40,40,40,40,40,0
0,1,1,1,40,40,40,40,40,110,40,40,40,40,40,40,40,40,40,1,40,0,0,0,0,0,0,0,0,0,0,0,0,0,0,0,0,0,0,0,0,0,0,0,0,0,0,0,0,0
0,140,1,1,1,40,40,40,40,110,40,40,40,40,40,54,1,1,1,1,40,0,0,0,0,0,0,0,0,0,0,0,0,0,0,0,0,0,0,0,0,0,0,0,0,0,0,0,0,0
0,1,1,1,1,1,1,1,1,141,40,40,40,40,40,40,40,40,40,40,40,0,0,0,0,0,0,0,0,0,0,0,0,0,0,0,0,0,0,0,0,0,0,0,0,0,0,0,0,0
0,1,1,1,1,1,140,1,1,1,1,1,120,40,40,40,40,40,40,40,40,0,0,0,0,0,0,0,0,0,0,0,0,0,0,0,0,0,0,0,0,0,0,0,0,0,0,0,0,0
0,0,0,0,0,0,0,0,0,0,0,0,0,0,0,0,0,0,0,0,0,0,0,0,0,0,0,0,0,0,0,0,0,0,0,0,0,0,0,0,0,0,0,0,0,0,0,0,0,0
@
1750,3450
bossarea
false
15,1,9,8
false
27,22,7,7
false
14,15,7,7
true
41,39,7,7
@
spawn
152
17,18
14,15,7,7
171
7,21
5,19,4,5
171
3,16
1,13,5,6
171
2,23
1,21,4,4
171
5,8
3,6,6,6
171
3,3
1,1,5,5
171
11,3
8,1,6,5
173
19,4
15,1,9,8
171
28,6
25,3,7,6
171
31,2
28,1,6,5
171
33,12
29,9,5,8
171
28,14
26,12,5,6
81
30,25
27,22,7,7
3
7,29
4,28,5,5
12
4,31
3,29,5,6
33
1,34
1,31,4,6
33
5,38
3,36,5,6
4
2,44
1,42,4,5
3
8,46
7,43,4,5
2
4,50
1,48,6,3
13
16,46
16,45,4,4
33
13,45
11,43,5,2
131
44,42
41,39,7,7
@