0,0,0,0,0,0,0,0,0,0,0,0,0,0,0,0,0,0,0,0,0,0,0
0,0,0,0,0,0,0,0,0,0,0,0,0,0,1,1,1,1,1,1,1,0,0
0,0,0,0,0,0,0,0,0,0,0,0,0,0,1,140,1,1,1,140,1,0,0
0,0,0,0,0,0,0,0,0,0,1,1,83,93,1,1,1,1,1,1,1,0,0
0,0,0,0,0,0,0,0,0,0,1,1,1,93,1,1,1,7,1,1,1,0,0
0,0,0,0,0,0,0,0,0,0,1,1,1,93,1,1,1,1,1,1,1,0,0
0,0,0,14,12,15,0,0,0,0,1,1,0,0,1,140,1,1,1,140,1,0,0
0,0,0,11,160,11,0,0,0,0,1,1,0,0,1,1,1,1,1,1,1,0,0
0,0,0,17,12,16,0,0,0,0,1,1,0,0,0,0,0,0,0,0,0,0,0
0,0,0,1,1,1,0,0,0,0,1,1,0,0,0,0,0,0,0,0,0,0,0
0,1,1,1,1,1,1,120,0,0,1,1,0,0,0,0,0,0,0,0,0,0,0
0,1,140,1,1,1,140,1,0,0,52,52,0,0,0,0,0,0,0,0,0,0,0
0,1,1,1,1,1,1,1,1,1,1,1,83,1,0,0,0,0,0,2,2,2,0
0,1,1,1,7,1,1,1,1,1,1,1,1,31,80,1,1,1,1,2,120,2,0
0,1,1,1,1,1,1,1,1,1,1,1,1,1,0,0,0,0,0,2,2,2,0
0,1,140,1,1,1,140,1,0,0,0,0,0,0,0,0,0,0,0,0,0,0,0
0,1,1,1,1,1,1,1,0,0,0,0,0,0,0,0,0,0,0,0,0,0,0
0,0,0,0,0,0,0,0,0,0,0,0,0,0,0,0,0,0,0,0,0,0,0
0,0,0,0,0,0,0,0,0,0,0,0,0,0,0,0,0,0,0,0,0,0,0
0,0,0,0,0,0,0,0,0,0,0,0,0,0,0,0,0,0,0,0,0,0,0
0,0,0,0,0,0,1,140,1,1,41,41,1,1,1,1,140,1,1,1,0,0,0
0,0,1,1,1,92,1,1,1,140,41,41,1,140,1,1,1,1,1,1,0,0,0
0,0,1,162,1,92,1,1,1,1,41,41,1,1,1,140,1,1,140,1,0,0,0
0,0,1,1,1,92,140,1,1,1,41,41,140,1,140,1,1,1,1,1,0,0,0
0,0,0,1,0,0,1,1,1,140,41,41,41,1,1,1,1,1,1,140,0,0,0
0,0,0,1,0,0,1,1,1,1,1,41,41,41,1,1,140,1,1,1,0,0,0
0,0,0,1,0,0,1,1,140,1,1,140,41,41,1,1,1,1,1,1,0,0,0
0,0,0,1,0,0,0,0,0,0,0,0,0,0,0,0,0,1,140,1,0,0,0
0,0,1,1,1,1,1,1,0,0,0,0,1,1,140,1,1,1,1,1,0,0,0
0,0,1,140,1,1,140,1,0,0,0,0,1,1,1,1,140,1,1,1,0,0,0
0,0,1,1,1,1,1,1,0,0,0,0,1,140,1,1,1,140,1,140,0,0,0
0,0,1,1,1,1,1,1,0,0,0,0,1,1,1,1,0,2,2,2,0,0,0
0,0,1,140,1,1,140,1,1,1,1,1,1,1,140,1,0,2,50,2,0,0,0
0,0,1,1,1,1,1,1,0,0,0,0,1,1,1,1,0,2,2,2,0,0,0
0,0,0,0,0,0,0,0,0,0,0,0,0,0,0,0,0,0,0,0,0,0,0
@
450,1350
bossarea
true
14,1,7,7
false
2,28,6,6
@
spawn
151
17,4
14,1,7,7
13
5,31
2,28,6,6
11
3,31
2,28,6,6
11
5,29
2,28,6,6
3
14,30
12,28,4,6
14
12,28
12,28,4,6
33
15,33
12,28,4,6
12
19,28
17,25,3,6
12
16,21
15,20,5,3
3
19,20
15,20,5,3
33
13,24
12,23,4,4
12
15,26
12,23,4,4
3
17,27
17,25,3,6
3
10,21
8,20,4,3
33
8,20
8,20,4,3
3
8,25
6,23,4,4
12
7,24
6,23,4,4
@
sign
12,3
タイミングよくＺ;押したら楽しい
12,12
隠し通路にはレアな;アイテムが落ちている！かも！;
14,13
大きい奴は通さんぞ！
@