0,0,0,0,0,0,0,0,0,0,0,0,0,0,0,0,0,0,0,0,0,0,0,0,0,0,0,0,0,0,0,0,0,0,0,0,0,0,0,0,0,0,0,0
0,1,1,83,1,1,0,0,0,0,1,1,1,1,110,0,0,0,0,0,0,0,0,0,0,0,0,0,0,0,0,0,0,0,0,0,0,0,0,0,0,0,0,0
0,1,1,1,1,1,0,0,0,0,1,0,1,1,1,0,0,0,0,0,0,0,0,0,0,0,0,0,0,0,0,0,0,0,0,0,0,0,0,0,0,0,0,0
0,1,1,1,1,1,1,110,1,1,1,1,1,0,1,52,1,1,1,142,1,1,1,1,1,142,1,1,1,1,1,142,1,1,1,1,93,1,1,1,1,1,0,0
0,1,0,0,0,1,0,0,0,0,1,1,110,0,1,0,0,0,0,0,0,0,0,0,0,0,0,0,0,0,0,0,0,0,0,0,0,1,1,1,1,80,0,0
0,1,1,1,1,1,0,0,0,0,1,1,1,1,1,0,0,0,0,0,0,0,0,0,0,0,0,0,0,0,0,0,0,0,0,0,0,120,1,1,1,160,0,0
0,0,0,0,0,0,0,0,0,0,0,0,1,0,0,0,0,0,0,0,0,0,0,0,0,0,0,0,0,0,0,0,0,0,0,0,0,0,0,1,0,0,0,0
0,0,0,0,0,0,0,0,0,0,0,0,1,0,0,0,0,0,0,0,0,0,0,0,0,0,0,0,0,0,0,0,0,0,0,0,0,0,0,1,0,0,0,0
0,0,0,0,0,0,0,0,0,0,0,0,1,0,0,0,0,0,0,0,0,0,0,0,0,0,0,0,0,0,0,0,0,0,0,0,0,0,0,1,0,0,0,0
0,0,0,0,0,0,0,0,0,0,0,0,1,0,0,0,0,0,0,0,0,0,0,1,1,110,1,1,1,1,1,1,1,1,1,0,0,0,0,1,0,0,0,0
0,1,93,1,0,0,0,0,0,0,0,0,1,1,1,1,1,1,0,0,0,0,1,1,1,180,180,180,1,1,1,1,1,110,1,110,0,0,0,1,0,0,0,0
0,162,93,1,0,0,0,0,0,0,0,1,1,1,1,1,1,1,110,0,0,1,1,1,180,180,180,1,1,110,180,180,180,1,1,1,1,1,1,30,1,110,1,0
0,1,93,1,0,0,0,0,0,0,0,1,1,1,1,1,0,0,1,1,52,31,1,1,180,1,180,1,1,180,180,1,180,180,1,1,1,1,1,1,1,0,1,0
0,0,0,1,0,0,0,0,0,0,0,1,110,40,1,1,1,1,1,1,0,0,1,1,180,180,180,1,180,180,180,180,180,180,110,1,1,0,110,0,1,1,1,0
0,0,0,1,0,0,0,0,0,0,0,1,40,40,40,40,1,1,1,1,1,0,1,1,1,180,180,1,1,110,110,110,180,180,180,1,1,1,1,0,1,1,1,0
0,0,0,1,0,0,0,0,0,0,0,40,40,40,40,40,40,40,1,1,1,0,0,1,1,1,1,1,1,180,180,110,110,110,1,1,1,1,1,1,1,1,1,0
0,0,0,1,0,0,0,0,0,0,0,40,40,1,50,1,40,40,0,1,1,0,0,0,1,180,180,180,1,180,180,180,180,180,1,1,1,0,1,1,0,110,1,0
0,1,1,1,1,1,0,0,0,0,0,40,1,1,1,1,1,1,0,110,1,0,0,0,1,180,1,180,1,110,180,180,1,1,1,1,1,1,1,1,1,1,1,0
0,1,1,1,1,1,0,0,0,0,0,1,1,1,1,1,1,1,1,1,1,0,0,0,110,180,180,180,1,1,1,1,1,1,110,0,0,0,0,0,0,0,0,0
0,91,0,91,0,91,0,0,0,0,0,1,1,40,40,40,40,1,1,1,1,0,0,0,1,1,1,1,1,1,1,1,1,0,0,0,0,0,0,0,0,0,0,0
0,1,0,1,0,1,0,0,0,0,0,1,1,110,40,40,1,1,1,1,0,0,0,0,0,0,1,1,1,1,0,0,0,0,0,0,0,0,0,0,0,0,0,0
0,111,0,1,0,111,0,0,0,0,0,1,1,1,1,1,1,1,1,0,0,0,0,0,0,0,0,1,0,0,0,0,0,0,0,0,0,0,0,0,0,0,0,0
0,91,0,91,0,91,0,0,0,0,0,0,0,0,0,0,0,0,0,0,0,0,0,0,0,0,0,1,0,0,0,0,0,0,0,0,0,0,0,0,0,0,0,0
0,1,1,1,1,1,0,0,0,0,0,0,0,0,0,0,0,0,0,0,0,0,0,0,0,0,2,2,2,0,0,0,0,0,0,0,0,0,0,0,0,0,0,0
0,1,1,1,1,1,0,0,0,0,0,0,0,0,0,0,0,0,0,0,0,0,0,0,0,0,2,120,2,0,0,0,0,0,0,0,0,0,0,0,0,0,0,0
0,110,1,1,1,1,0,0,0,0,0,0,0,0,0,0,0,0,0,0,0,0,0,0,0,0,2,2,2,0,0,0,0,0,0,0,0,0,0,0,0,0,0,0
0,0,0,1,0,0,0,0,0,0,0,0,0,0,0,0,0,0,0,0,0,0,0,0,0,0,0,0,0,0,0,0,0,0,0,0,0,0,0,0,0,0,0,0
0,0,0,1,0,0,0,1,1,110,1,1,1,1,1,120,0,0,0,0,0,0,0,0,0,0,0,0,0,0,0,0,0,0,0,0,0,0,0,0,0,0,0,0
0,0,0,1,0,0,0,1,1,0,1,1,1,1,1,1,0,0,0,0,0,0,0,0,0,0,0,0,0,0,0,0,0,0,0,0,0,0,0,0,0,0,0,0
0,0,0,1,1,1,1,1,1,0,1,1,1,1,110,1,0,0,0,0,0,0,0,0,0,0,0,0,0,0,0,0,0,0,0,0,0,0,0,0,0,0,0,0
0,0,0,0,0,0,0,1,1,1,1,1,1,0,1,1,0,0,0,0,0,0,0,0,0,0,0,0,0,0,0,0,0,0,0,0,0,0,0,0,0,0,0,0
0,0,0,0,0,0,0,1,1,1,1,110,1,0,1,1,0,0,0,0,0,0,0,0,0,0,0,0,0,0,0,0,0,0,0,0,0,0,0,0,0,0,0,0
0,0,0,0,0,0,0,40,40,40,40,40,40,40,40,40,0,0,0,0,0,0,0,0,0,0,0,0,0,0,0,0,0,0,0,0,0,0,0,0,0,0,0,0
0,0,0,0,0,0,0,0,0,0,0,0,0,0,0,0,0,0,0,0,0,0,0,0,0,0,0,0,0,0,0,0,0,0,0,0,0,0,0,0,0,0,0,0
@
350,350
bossarea
false
10,1,5,5
false
36,11,7,7
true
7,27,9,6
@
spawn
22
12,3
10,1,5,5
111
11,14
11,11,4,3
111
17,11
14,10,6,4
111
18,15
15,13,6,5
111
16,18
14,17,5,4
111
11,19
11,16,3,6
33
25,12
23,9,6,7
33
26,17
24,15,5,5
33
31,12
28,9,7,7
112
41,14
36,11,7,7
14
39,12
36,11,7,7
14
39,16
36,11,7,7
41
11,29
7,27,9,6
@
sign
3,1
足元注意！！
41,4
左右に爆弾を仕掛けておいた
@