40,40,40,40,40,40,40,40,40,40,40,40,40,40,40,40,40,40,40,40,40,40,40,40,40,40,40,40,40,40,40,40,40,40,40,40,40,40,40,40,40,40,40,40,40,40,40,40,40,40,40,40,40,40,40,40,40,40,40,40,40,40,40,40,40,40,40,40,40,40,40,40,40,40,40,40,40,40,40,40,40,40
40,40,40,40,40,40,40,40,40,40,40,40,40,40,40,40,40,40,40,40,40,40,40,40,40,40,40,40,40,40,40,40,40,40,40,40,40,40,40,40,40,40,40,40,40,40,40,40,40,40,40,40,40,40,40,40,40,40,40,40,40,40,40,40,40,40,40,40,40,40,40,40,40,40,40,40,40,40,40,40,40,40
40,40,40,40,40,40,40,40,40,40,40,40,40,40,40,40,40,40,40,40,40,40,40,40,40,40,40,40,40,40,40,40,40,40,40,40,40,40,40,40,40,40,40,40,40,40,40,40,40,40,40,40,40,40,40,40,40,40,40,40,40,40,40,40,40,40,40,40,40,40,40,40,40,40,40,40,40,40,40,40,40,40
40,40,40,40,40,40,40,40,40,40,40,40,40,40,40,40,40,40,40,40,40,40,40,40,40,40,40,40,40,40,40,40,40,40,40,40,40,40,40,40,40,40,40,40,40,40,40,40,40,40,40,40,40,40,40,40,40,40,40,40,40,40,40,40,40,40,40,40,40,40,40,40,40,40,40,40,40,40,40,40,40,40
40,40,40,40,40,40,40,40,40,40,40,40,40,40,40,40,40,40,40,40,40,40,40,40,40,40,40,40,40,40,40,40,40,40,40,40,40,40,40,40,40,40,40,40,40,40,40,40,40,40,40,40,40,40,40,40,40,40,40,40,40,40,40,40,40,40,40,40,40,40,40,40,40,40,40,40,40,40,40,40,40,40
40,40,40,40,40,40,40,40,40,40,40,40,40,40,40,40,40,40,40,40,40,40,40,40,40,40,40,40,40,40,40,40,40,40,40,40,40,40,40,40,40,40,1,1,1,1,1,1,40,40,40,40,40,40,40,40,40,40,40,40,40,40,40,40,40,40,40,40,40,40,40,40,40,40,40,40,40,40,40,40,40,40
40,40,40,40,40,40,40,40,40,40,40,40,40,40,40,40,40,40,40,40,40,40,40,40,40,40,40,40,40,40,40,40,40,40,40,40,40,40,40,40,40,40,1,40,40,40,40,1,40,40,40,40,40,40,40,40,40,40,40,40,40,40,40,40,40,40,40,40,40,40,40,40,40,40,40,40,40,40,40,40,40,40
40,40,40,40,40,40,40,40,40,40,40,40,40,40,40,40,40,40,40,40,40,40,40,40,40,40,40,40,40,40,40,40,40,40,40,40,40,40,40,40,40,40,1,40,40,40,40,1,40,40,40,40,40,40,40,40,40,40,40,40,40,40,40,40,40,40,40,40,40,40,40,40,40,40,40,40,40,40,40,40,40,40
40,40,40,40,40,40,40,40,40,40,40,40,40,40,40,40,40,40,40,40,40,40,40,40,40,40,40,40,40,40,40,40,40,40,40,40,40,40,40,40,40,40,1,40,40,40,40,66,33,1,1,1,1,40,40,40,40,40,40,40,40,40,40,40,40,40,40,40,40,40,40,40,40,40,40,40,40,40,40,40,40,40
40,40,40,40,40,40,40,40,40,40,40,40,40,40,40,40,40,40,1,1,1,1,1,1,1,40,40,40,40,40,40,40,40,40,40,40,40,40,40,40,40,40,1,40,40,40,40,30,40,40,40,40,1,40,40,40,40,40,40,40,40,40,40,40,40,40,40,40,40,40,40,40,40,40,40,40,40,40,40,40,40,40
40,40,40,40,40,40,40,40,40,40,40,40,40,40,40,40,40,40,1,40,40,40,1,140,1,40,40,40,40,40,40,40,40,40,40,40,40,40,40,40,40,40,1,1,1,1,1,1,40,40,40,40,1,40,40,40,40,40,40,40,40,40,40,40,40,40,40,40,40,40,40,40,40,40,40,40,40,40,40,40,40,40
40,40,40,40,40,40,40,40,40,40,40,40,40,40,40,40,40,40,1,40,40,40,1,1,1,1,1,1,1,40,40,40,40,40,40,40,40,40,40,40,40,40,32,40,40,40,40,1,40,40,40,40,1,40,40,40,40,40,40,40,40,40,40,40,40,40,40,40,40,40,40,40,40,40,40,40,40,40,40,40,40,40
40,40,40,40,40,40,1,1,110,1,1,1,110,1,1,1,1,1,1,40,40,40,40,40,40,40,1,140,1,40,40,40,40,40,40,40,40,40,40,40,40,40,1,40,40,40,40,1,40,40,40,40,1,40,40,40,40,40,40,40,40,40,40,40,40,40,40,40,40,40,40,40,40,40,40,40,40,40,40,40,40,40
40,40,40,40,40,40,1,0,1,0,1,0,1,0,1,40,40,40,40,40,40,40,40,40,40,40,1,1,1,1,1,1,1,40,40,40,40,40,40,40,40,40,1,40,40,40,40,1,1,1,1,1,1,40,40,40,40,40,40,40,40,40,40,40,40,40,40,40,40,40,40,40,40,40,40,40,40,40,40,40,40,40
40,40,40,40,40,40,1,1,1,1,110,1,1,1,1,40,40,40,40,40,40,40,40,40,40,40,40,40,40,40,1,140,1,40,40,40,40,40,40,40,40,40,1,40,40,40,40,40,40,1,40,40,40,40,40,40,40,40,40,40,40,40,40,40,40,40,40,40,40,40,40,40,40,40,40,40,40,40,40,40,40,40
40,40,40,40,40,40,0,110,0,1,0,1,0,1,0,40,40,40,40,40,40,40,40,40,40,40,40,40,40,40,1,1,1,1,1,1,1,40,40,40,40,40,91,40,40,40,40,40,40,90,40,40,40,40,40,40,40,40,40,40,40,40,40,40,40,40,40,40,40,40,40,40,40,40,40,40,40,40,40,40,40,40
40,40,40,40,40,40,1,1,1,110,1,1,110,1,1,40,40,40,40,40,40,40,40,40,40,40,40,40,40,40,40,40,40,40,1,140,1,40,40,40,40,1,1,1,1,1,64,1,1,1,40,40,40,40,40,40,40,40,40,40,40,40,40,40,40,40,40,40,40,40,40,40,40,40,40,40,40,40,40,40,40,40
40,40,40,40,40,40,1,0,1,0,1,0,1,0,110,40,40,40,40,40,40,40,40,40,40,40,40,40,40,40,40,40,40,40,1,1,1,1,1,1,120,1,62,1,1,1,0,1,1,1,40,40,40,40,40,40,40,40,40,40,40,40,40,40,40,40,40,40,40,40,40,40,40,40,40,40,40,40,40,40,40,40
40,40,40,40,40,40,1,1,1,110,1,1,1,1,1,40,40,40,40,40,40,40,40,40,40,40,40,40,40,40,40,40,40,40,40,40,40,40,40,40,40,1,1,1,1,1,68,1,1,1,40,40,40,40,40,40,40,40,40,40,40,40,40,40,40,40,40,40,40,40,40,40,40,40,40,40,40,40,40,40,40,40
40,40,40,40,40,40,0,1,0,1,0,1,0,110,0,40,40,40,40,40,40,40,40,40,40,40,40,40,40,40,40,40,40,40,40,40,40,40,40,40,40,40,40,40,40,40,40,40,40,68,40,40,40,40,40,40,40,40,40,40,40,40,40,40,40,40,40,40,40,40,40,40,40,40,40,40,40,40,40,40,40,40
40,40,40,40,40,40,1,1,1,110,1,1,1,1,1,40,40,40,40,40,40,40,40,40,40,40,40,40,40,40,40,40,40,40,40,40,40,40,40,40,40,40,40,40,40,40,40,40,40,1,40,40,40,40,40,40,40,40,40,40,40,40,40,40,40,40,40,40,40,40,40,40,40,40,40,40,40,40,40,40,40,40
40,40,40,40,40,40,110,0,1,0,1,0,1,0,1,40,40,40,40,40,40,40,40,40,40,40,40,40,40,40,40,40,40,40,40,40,40,40,40,40,40,40,40,40,40,40,40,40,40,1,40,40,40,40,40,40,1,1,1,40,40,40,40,40,40,40,40,40,40,40,40,40,40,40,40,40,40,40,40,40,40,40
40,40,40,40,40,40,1,1,1,1,110,1,1,1,1,40,40,40,40,40,40,40,40,1,1,1,1,1,1,40,40,40,40,40,40,40,40,40,40,40,40,40,40,40,40,40,40,40,40,1,40,40,40,40,40,40,1,40,1,40,40,40,40,40,40,40,40,40,40,40,40,40,40,40,40,40,40,40,40,40,40,40
40,40,40,40,40,40,0,110,0,1,0,1,0,110,0,40,40,40,40,40,40,40,40,1,40,40,40,40,1,40,40,40,40,40,40,40,40,40,40,40,40,40,40,40,40,40,40,40,40,1,1,1,1,1,40,40,1,40,1,40,40,40,40,40,40,40,40,40,40,40,40,40,40,40,40,40,40,40,40,40,40,40
40,40,40,40,40,40,1,1,1,1,1,1,1,1,1,1,1,40,40,40,40,1,1,1,40,40,40,40,1,1,1,40,40,40,40,40,40,40,40,40,40,40,40,40,40,40,40,40,40,1,40,40,40,1,1,1,1,40,1,40,40,40,40,40,40,40,40,40,40,40,40,40,40,40,40,40,40,40,40,40,40,40
40,40,40,40,40,40,40,40,40,40,40,40,40,40,40,40,1,1,1,1,40,1,40,40,40,40,40,40,40,40,1,40,40,40,40,40,40,40,40,40,40,40,143,1,1,1,1,1,144,1,40,40,40,1,40,40,40,40,1,40,40,40,40,40,40,40,40,40,40,40,40,40,40,40,40,40,40,40,40,40,40,40
40,40,40,40,40,40,40,40,40,40,40,40,40,40,40,40,40,40,40,1,40,1,40,40,40,40,40,40,40,40,1,1,120,40,40,40,40,40,40,40,40,40,1,40,40,40,40,40,40,1,40,40,40,1,40,40,40,40,1,1,1,40,40,40,40,40,40,40,40,40,40,40,40,40,40,40,40,40,40,40,40,40
40,40,40,40,40,40,40,40,40,40,40,40,40,40,40,40,40,40,40,1,1,1,40,40,40,40,40,40,40,40,40,40,1,40,40,40,40,40,40,40,40,40,1,40,40,40,40,40,40,1,1,1,1,1,40,40,40,40,40,40,1,40,40,40,40,40,40,40,40,40,40,40,40,40,40,40,40,40,40,40,40,40
40,40,40,40,40,40,40,40,40,40,40,40,40,40,40,40,40,40,40,40,40,40,40,40,40,40,40,40,40,40,40,40,110,40,40,40,40,40,40,40,40,40,1,40,40,40,40,40,40,40,40,40,40,40,40,40,40,40,40,40,1,40,40,40,40,40,40,40,40,40,40,40,40,40,40,40,40,40,40,40,40,40
40,40,40,40,40,40,40,40,40,40,40,40,40,40,40,40,40,40,40,40,40,40,40,40,40,40,40,40,40,40,40,40,110,40,40,40,40,40,40,40,40,40,1,40,40,40,40,40,40,40,40,40,40,40,40,40,40,40,40,40,1,40,40,40,40,40,40,40,40,40,40,40,40,40,40,40,40,40,40,40,40,40
40,40,40,40,40,40,40,40,40,40,40,40,40,40,40,40,40,40,40,40,40,40,40,40,40,40,40,40,40,40,40,40,110,40,40,40,40,40,40,40,40,40,1,40,40,40,40,40,40,40,40,40,40,40,40,40,40,40,40,40,1,40,40,40,40,40,40,40,40,40,40,40,40,40,40,40,40,40,40,40,40,40
40,40,40,40,40,40,40,40,40,40,40,40,40,40,40,40,40,40,40,40,40,40,40,40,40,40,40,40,40,40,40,40,110,40,40,40,40,40,40,40,40,40,142,1,1,1,1,1,142,1,1,1,1,1,1,1,1,1,1,1,32,40,40,40,40,40,40,40,40,40,40,40,40,40,40,40,40,40,40,40,40,40
40,40,40,40,40,40,40,40,40,40,40,40,40,40,40,40,40,40,1,1,1,1,1,1,1,1,40,40,40,40,40,40,110,40,40,40,40,40,40,40,40,40,40,40,40,40,40,40,40,40,40,40,40,40,40,40,40,40,40,40,1,40,40,40,40,40,40,40,40,40,40,40,40,40,40,40,40,40,40,40,40,40
40,40,40,40,40,40,40,40,40,40,40,40,40,40,40,40,40,40,1,40,40,40,40,40,40,1,40,40,40,40,40,40,110,40,40,40,40,40,40,40,40,40,40,40,40,40,40,40,40,40,40,40,40,40,40,40,40,40,40,40,1,40,40,40,40,40,40,40,40,40,40,40,40,40,40,40,40,40,40,40,40,40
40,40,40,40,40,40,40,40,40,40,40,40,40,40,40,40,40,40,1,40,40,40,40,40,40,1,40,40,40,40,40,40,110,40,40,40,40,40,40,40,40,40,40,40,40,40,40,40,40,40,40,40,40,40,40,40,40,40,40,40,1,40,40,40,40,40,40,40,40,40,40,40,40,40,40,40,40,40,40,40,40,40
40,40,40,40,40,40,40,40,40,40,40,40,40,40,40,40,40,40,1,40,40,40,40,40,40,1,40,40,40,40,40,40,110,40,40,40,40,40,40,40,40,40,40,40,40,40,40,40,40,40,40,40,1,1,1,1,1,1,1,1,120,40,40,40,40,40,40,40,40,40,40,40,40,40,40,40,40,40,40,40,40,40
40,40,40,40,40,40,40,40,40,40,40,40,40,40,40,1,1,1,1,1,1,1,40,40,40,1,40,40,40,40,40,40,110,40,40,40,40,40,40,40,40,40,40,40,40,40,40,40,40,40,40,40,1,41,41,41,1,40,40,40,40,40,40,40,40,40,40,40,40,40,40,40,40,40,40,40,40,40,40,40,40,40
40,40,40,40,40,40,40,40,40,40,40,40,40,40,40,1,40,40,40,40,40,1,40,40,40,1,40,40,40,40,40,40,1,40,40,40,40,40,40,40,40,40,40,40,40,40,40,40,40,40,40,40,1,41,41,41,1,40,40,40,40,40,40,40,40,40,40,40,40,40,40,40,40,40,40,40,40,40,40,40,40,40
40,40,40,40,40,40,40,40,40,40,40,40,40,40,40,1,40,40,1,40,40,1,40,40,40,31,1,1,1,1,1,1,1,40,40,40,40,40,40,40,40,40,40,40,40,40,40,40,40,40,40,40,1,41,41,41,1,40,40,40,40,40,40,40,40,40,40,40,40,40,40,40,40,40,40,40,40,40,40,40,40,40
40,40,40,40,40,40,40,40,40,40,40,40,40,40,40,1,40,40,40,40,40,1,40,40,40,1,40,40,40,40,40,40,40,40,40,40,40,40,40,40,40,40,40,40,40,40,40,40,40,40,40,40,1,41,41,41,1,40,40,40,40,40,40,40,40,40,40,40,40,40,40,40,40,40,40,40,40,40,40,40,40,40
40,40,40,40,40,40,40,40,40,40,40,40,40,40,40,1,1,1,1,1,1,1,40,40,40,1,40,40,40,40,40,40,40,40,40,40,40,40,40,40,40,40,40,40,40,40,40,40,40,40,40,40,1,41,41,41,1,40,40,40,40,40,40,40,40,40,40,40,40,40,40,40,40,40,40,40,40,40,40,40,40,40
40,40,40,40,40,40,40,40,40,40,40,40,40,40,40,1,40,40,40,1,40,40,40,40,40,1,40,40,40,40,40,40,40,40,40,40,40,40,40,40,40,40,40,40,40,40,40,40,40,40,40,40,140,41,41,41,140,40,40,40,40,40,40,40,40,40,40,40,40,40,40,40,40,40,40,40,40,40,40,40,40,40
40,40,40,40,40,40,40,40,40,40,40,40,40,40,40,1,40,40,40,1,40,40,40,40,40,1,40,40,40,40,40,40,40,40,40,40,40,40,40,40,40,40,40,40,40,40,40,40,40,40,40,40,1,41,41,41,1,40,40,40,40,40,40,40,40,40,40,40,40,40,40,40,40,40,40,40,40,40,40,40,40,40
40,40,40,40,40,40,40,40,40,40,40,40,40,40,40,1,40,40,40,1,40,40,40,40,40,1,40,40,40,40,40,40,40,40,40,40,40,40,40,40,40,40,40,40,40,40,40,40,40,40,40,40,1,41,41,41,1,40,40,40,40,40,40,40,40,40,40,40,40,40,40,40,40,40,40,40,40,40,40,40,40,40
40,40,40,40,40,40,40,40,40,40,40,40,40,40,40,1,40,40,40,1,40,40,40,40,40,1,40,40,40,40,40,40,40,40,40,40,40,40,40,40,40,40,40,40,40,40,40,40,40,40,40,40,1,41,41,41,1,40,40,40,40,40,40,40,40,40,40,40,40,40,40,40,40,40,40,40,40,40,40,40,40,40
40,40,40,40,40,40,40,40,40,40,40,1,1,1,1,1,40,40,40,1,130,130,130,130,130,1,40,40,40,40,40,40,40,40,40,40,40,40,40,40,40,40,40,40,40,40,40,40,40,40,40,40,1,41,41,41,1,40,40,40,40,40,40,40,40,40,40,40,40,40,40,40,40,40,40,40,40,40,40,40,40,40
40,40,40,40,40,40,40,40,40,40,40,1,40,40,40,40,40,40,40,40,40,40,40,40,40,40,40,40,40,40,40,40,40,40,40,40,40,40,40,40,40,40,40,40,40,40,40,40,40,40,40,40,1,41,41,41,1,40,40,40,40,40,40,40,40,40,40,40,40,40,40,40,40,40,40,40,40,40,40,40,40,40
40,40,40,40,40,40,40,40,40,40,40,1,40,40,40,40,40,40,40,40,40,40,40,40,40,40,40,40,40,40,40,40,40,40,40,40,40,40,40,40,40,1,1,1,1,1,1,1,1,1,1,1,1,1,1,1,1,40,40,40,40,40,40,40,40,40,40,40,40,40,40,40,40,40,40,40,40,40,40,40,40,40
40,40,40,40,40,40,40,40,40,40,40,1,40,40,40,40,40,40,40,40,40,40,40,40,40,40,40,40,40,40,40,40,40,40,40,40,40,40,40,40,40,1,40,40,40,40,1,40,40,40,40,40,40,40,40,40,40,40,40,40,40,40,40,40,40,40,40,40,40,40,40,40,40,40,40,40,40,40,40,40,40,40
40,40,40,40,40,40,40,40,40,40,40,1,40,40,40,40,40,40,40,40,40,40,40,40,40,40,40,40,40,40,40,40,40,40,40,40,40,40,40,40,40,1,40,40,40,40,1,40,40,40,40,40,40,40,40,40,40,40,40,40,40,40,40,40,40,40,40,40,40,40,40,40,40,40,40,40,40,40,40,40,40,40
40,40,40,40,40,40,40,40,40,40,40,1,40,40,40,40,40,40,40,40,40,40,40,40,40,40,40,40,40,40,40,40,40,40,40,40,40,40,40,40,40,1,40,40,40,40,1,40,40,40,40,40,40,40,40,40,40,40,40,40,40,40,40,40,40,40,40,40,40,40,40,40,40,40,40,40,40,40,40,40,40,40
40,40,40,40,40,40,40,40,40,40,1,1,1,40,40,40,40,40,40,40,40,40,40,40,40,40,40,40,40,40,40,40,40,40,40,40,40,40,40,40,40,1,40,40,40,40,1,40,40,40,40,40,40,40,40,40,40,40,40,40,40,40,40,40,40,40,40,40,40,40,40,40,40,40,40,40,40,40,40,40,40,40
40,40,40,40,40,40,40,40,40,40,1,7,1,40,40,40,40,40,40,40,40,40,40,40,40,40,40,40,40,40,40,40,40,40,40,40,40,40,40,40,40,1,1,1,1,1,1,40,40,40,40,40,40,40,40,40,40,40,40,40,40,40,40,40,40,40,40,40,40,40,40,40,40,40,40,40,40,40,40,40,40,40
40,40,40,40,40,40,40,40,40,40,1,1,1,40,40,40,40,40,40,40,40,40,40,40,40,40,40,40,40,40,40,40,40,40,40,40,40,40,40,40,40,1,40,40,40,40,1,40,40,40,40,40,40,40,40,40,40,40,40,40,40,40,40,40,40,40,40,40,40,40,40,40,40,40,40,40,40,40,40,40,40,40
40,40,40,40,40,40,40,40,40,40,40,40,40,40,40,40,40,40,40,40,40,40,40,40,40,40,40,40,40,40,40,40,40,40,40,40,40,40,40,40,40,1,40,40,40,40,1,40,40,1,1,1,1,1,40,40,40,40,40,1,1,1,1,1,40,40,40,40,40,40,40,40,40,40,40,40,40,40,40,40,40,40
40,40,40,40,40,40,40,40,40,40,40,40,40,40,40,40,40,40,40,40,40,40,40,40,40,40,40,40,40,40,40,40,40,40,40,40,40,40,40,40,40,1,40,40,40,40,1,40,40,1,40,40,40,1,40,40,40,40,40,1,40,40,40,133,40,40,40,40,40,40,40,40,40,40,40,40,40,40,40,40,40,40
40,40,40,40,40,40,40,40,40,40,40,40,40,40,40,40,40,40,40,40,40,40,40,40,40,40,40,40,40,40,40,40,40,40,40,40,40,40,40,40,40,1,40,40,40,40,1,40,40,1,40,40,40,1,1,1,120,40,40,1,40,40,40,133,40,40,40,40,40,40,40,40,40,40,40,40,40,40,40,40,40,40
40,40,40,40,40,40,40,40,40,40,40,40,40,40,40,40,40,40,40,40,40,40,40,40,40,40,40,40,40,40,40,40,40,40,40,40,40,40,40,40,40,1,1,1,1,1,1,1,1,1,40,40,40,40,40,40,1,40,40,1,40,40,40,1,1,1,40,40,40,40,40,1,1,1,1,1,40,40,40,40,40,40
40,40,40,40,40,40,40,40,40,40,40,40,40,40,40,40,40,40,40,40,40,40,40,40,40,40,40,40,40,40,40,40,40,40,40,40,40,40,40,40,40,40,40,40,40,40,40,40,40,40,40,40,40,40,40,40,1,40,40,1,40,40,40,40,40,1,40,40,40,40,40,1,40,40,40,1,40,40,40,40,40,40
40,40,40,40,40,40,40,40,40,40,40,40,40,40,40,40,40,40,40,40,40,40,40,40,40,40,40,40,40,40,40,40,40,40,40,40,40,40,40,40,40,40,40,40,40,40,40,40,40,40,40,40,40,40,1,1,1,40,40,1,40,40,40,40,40,1,40,40,40,40,40,1,40,40,40,1,40,40,40,40,40,40
40,40,40,40,40,40,40,40,40,40,40,40,40,40,40,40,40,40,40,40,40,40,40,40,40,40,40,40,40,40,40,40,40,40,40,40,40,40,40,40,40,40,40,40,40,40,40,40,40,40,40,40,40,40,1,40,40,40,40,1,40,1,1,1,1,1,40,40,40,40,40,1,40,40,1,1,1,40,40,40,40,40
40,40,40,40,40,40,40,40,40,40,40,40,40,40,40,40,40,40,40,40,40,40,40,40,40,40,40,40,40,40,40,40,40,40,40,40,40,40,40,40,40,40,40,40,40,40,40,40,40,40,40,40,40,40,1,131,131,131,131,1,40,133,40,40,40,40,40,40,1,1,1,1,40,40,1,150,1,40,40,40,40,40
40,40,40,40,40,40,40,40,40,40,40,40,40,40,40,40,40,40,40,40,40,40,40,40,40,40,40,40,40,40,40,40,40,40,40,40,40,40,40,40,40,40,40,40,40,40,40,40,40,40,40,40,40,40,40,40,40,40,40,40,40,133,40,40,40,40,40,40,1,40,40,40,40,40,1,1,1,40,40,40,40,40
40,40,40,40,40,40,40,40,40,40,40,40,40,40,40,40,40,40,40,40,40,40,40,40,40,40,40,40,40,40,40,40,40,40,40,40,40,40,40,40,40,40,40,40,40,40,40,40,40,40,40,40,40,40,40,40,40,40,40,40,40,133,40,40,40,40,40,40,1,40,40,40,40,40,40,1,40,40,40,40,40,40
40,40,40,40,40,40,40,40,40,40,40,40,40,40,40,40,40,40,40,40,40,40,40,40,40,40,40,40,40,40,40,40,40,40,40,40,40,40,40,40,40,40,40,40,40,40,40,40,40,40,40,40,40,40,40,40,40,40,40,40,40,1,1,1,1,1,1,1,1,40,40,40,40,40,40,1,40,40,40,40,40,40
40,40,40,40,40,40,40,40,40,40,40,40,40,40,40,40,40,40,40,40,40,40,40,40,40,40,40,40,40,40,40,40,40,40,40,40,40,40,40,40,40,40,40,40,40,40,40,40,40,40,40,40,40,40,40,40,40,40,40,40,40,40,40,40,40,40,40,40,40,40,40,40,40,40,40,1,40,40,40,40,40,40
40,40,40,40,40,40,40,40,40,40,40,40,40,40,40,40,40,40,40,40,40,40,40,40,40,40,40,40,40,40,40,40,40,40,40,40,40,40,40,40,40,40,40,40,40,40,40,40,40,40,40,40,40,40,40,40,40,40,40,40,40,40,40,40,40,40,40,40,40,40,40,40,1,1,1,1,40,40,40,40,40,40
40,40,40,40,40,40,40,40,40,40,40,40,40,40,40,40,40,40,40,40,40,40,40,40,40,40,40,40,40,40,40,40,40,40,40,40,40,40,40,40,40,40,40,40,40,40,40,40,40,40,40,40,40,40,40,40,40,40,40,40,40,40,40,40,40,40,40,40,40,40,40,40,131,40,40,40,40,40,40,40,40,40
40,40,40,40,40,40,40,40,40,40,40,40,40,40,40,40,40,40,40,40,40,40,40,40,40,40,40,40,40,40,40,40,40,40,40,40,40,40,40,40,40,40,40,40,40,40,40,40,40,40,40,40,40,40,40,1,1,1,1,40,40,40,40,40,40,40,40,40,40,40,1,1,1,40,40,40,40,40,40,40,40,40
40,40,40,40,40,40,40,40,40,40,40,40,40,40,40,40,40,40,40,40,40,40,40,40,40,1,1,1,1,1,40,40,40,40,40,40,40,58,40,40,40,40,40,40,40,40,40,40,40,50,40,40,40,40,40,1,40,40,1,40,40,40,40,40,40,40,40,40,40,40,1,40,40,40,40,40,40,40,40,40,40,40
40,40,40,40,40,40,40,40,40,40,40,40,40,40,40,40,40,40,40,40,40,40,40,40,40,1,1,1,1,1,40,40,40,40,40,40,40,1,40,40,40,40,40,40,40,40,40,40,40,1,40,40,40,40,40,1,40,40,1,40,40,1,130,130,130,130,1,40,40,40,1,1,1,1,40,40,40,40,40,40,40,40
40,40,40,40,40,40,40,40,40,40,40,40,40,40,40,40,40,40,40,40,40,40,40,40,40,1,1,7,1,1,1,1,1,1,1,1,60,1,1,1,1,1,56,1,1,1,1,1,52,1,1,1,1,1,1,1,40,40,1,40,40,120,40,40,40,40,1,40,40,40,40,40,40,1,40,40,40,40,40,40,40,40
40,40,40,40,40,40,40,40,40,40,40,40,40,40,40,40,40,40,40,40,40,40,40,40,40,1,1,1,1,1,40,40,40,40,40,40,40,40,40,40,40,40,40,1,40,40,40,40,40,40,40,40,40,40,40,40,40,40,1,1,1,1,40,40,40,40,1,40,40,40,40,40,40,1,40,40,40,40,40,40,40,40
40,40,40,40,40,40,40,40,40,40,40,40,40,40,40,40,40,40,40,40,40,40,40,40,40,1,1,1,1,1,40,40,40,40,40,40,40,40,40,40,40,40,40,54,40,40,40,40,40,40,40,40,40,40,40,40,40,40,40,40,40,40,40,40,40,40,1,1,1,1,1,1,1,1,40,40,40,40,40,40,40,40
40,40,40,40,40,40,40,40,40,40,40,40,40,40,40,40,40,40,40,40,40,40,40,40,40,40,40,40,40,40,40,40,40,40,40,40,40,40,40,40,40,40,40,40,40,40,40,40,40,40,40,40,40,40,40,40,40,40,40,40,40,40,40,40,40,40,40,40,40,40,40,40,40,40,40,40,40,40,40,40,40,40
40,40,40,40,40,40,40,40,40,40,40,40,40,40,40,40,40,40,40,40,40,40,40,40,40,40,40,40,40,40,40,40,40,40,40,40,40,40,40,40,40,40,40,40,40,40,40,40,40,40,40,40,40,40,40,40,40,40,40,40,40,40,40,40,40,40,40,40,40,40,40,40,40,40,40,40,40,40,40,40,40,40
40,40,40,40,40,40,40,40,40,40,40,40,40,40,40,40,40,40,40,40,40,40,40,40,40,40,40,40,40,40,40,40,40,40,40,40,40,40,40,40,40,40,40,40,40,40,40,40,40,40,40,40,40,40,40,40,40,40,40,40,40,40,40,40,40,40,40,40,40,40,40,40,40,40,40,40,40,40,40,40,40,40
40,40,40,40,40,40,40,40,40,40,40,40,40,40,40,40,40,40,40,40,40,40,40,40,40,40,40,40,40,40,40,40,40,40,40,40,40,40,40,40,40,40,40,40,40,40,40,40,40,40,40,40,40,40,40,40,40,40,40,40,40,40,40,40,40,40,40,40,40,40,40,40,40,40,40,40,40,40,40,40,40,40
40,40,40,40,40,40,40,40,40,40,40,40,40,40,40,40,40,40,40,40,40,40,40,40,40,40,40,40,40,40,40,40,40,40,40,40,40,40,40,40,40,40,40,40,40,40,40,40,40,40,40,40,40,40,40,40,40,40,40,40,40,40,40,40,40,40,40,40,40,40,40,40,40,40,40,40,40,40,40,40,40,40
40,40,40,40,40,40,40,40,40,40,40,40,40,40,40,40,40,40,40,40,40,40,40,40,40,40,40,40,40,40,40,40,40,40,40,40,40,40,40,40,40,40,40,40,40,40,40,40,40,40,40,40,40,40,40,40,40,40,40,40,40,40,40,40,40,40,40,40,40,40,40,40,40,40,40,40,40,40,40,40,40,40
@
1150,5250
bossarea
true
25,69,5,5
@
spawn
45
8,48
11,46,5,3
45
13,49
11,46,5,3
35
18,38
15,36,7,5
35
26,9
22,9,3,3
35
24,13
26,11,3,3
35
31,11
30,13,3,3
35
34,19
34,15,3,3
35
51,25
49,23,5,5
13
53,38
52,35,5,6
13
54,44
52,42,5,6
35
43,49
41,47,6,6
35
44,54
41,52,6,6
0
27,71
25,69,5,5
@