0,0,0,0,0,0,0,0,0,0,0,0,0,0,0,0,0,0,0
0,180,180,180,180,180,180,180,180,180,180,180,180,180,180,180,180,180,0
0,180,180,180,180,180,180,180,180,180,180,180,180,180,180,180,180,180,0
0,180,180,180,180,180,180,180,180,180,180,180,180,180,180,180,180,180,0
0,180,180,180,180,180,180,180,180,180,180,180,180,180,180,180,180,180,0
0,180,180,180,180,1,1,1,1,1,1,1,1,1,180,180,180,180,0
0,180,180,180,180,1,1,1,1,1,1,1,1,1,180,180,180,180,0
0,180,180,180,180,1,1,1,1,1,1,1,1,1,180,180,180,180,0
0,180,180,180,180,1,1,1,1,1,1,1,1,1,180,180,180,180,0
0,180,180,180,180,1,1,1,1,1,1,1,1,1,180,180,180,180,0
0,180,180,180,180,1,1,1,1,1,1,1,1,1,180,180,180,180,0
0,180,180,180,180,1,1,1,1,1,1,1,1,1,180,180,180,180,0
0,180,180,180,180,1,1,1,1,1,1,1,1,1,180,180,180,180,0
0,180,180,180,180,1,1,1,1,1,1,1,1,1,180,180,180,180,0
0,180,180,180,180,180,180,180,180,1,180,180,180,180,180,180,180,180,0
0,180,180,180,180,180,180,180,180,1,180,180,180,180,180,180,180,180,0
0,180,180,180,180,180,180,60,180,1,180,60,180,180,180,180,180,180,0
0,180,180,180,180,180,180,180,180,1,180,180,180,180,180,180,180,180,0
0,180,180,180,180,180,180,180,180,1,180,180,180,180,180,180,180,180,0
0,180,180,180,180,180,180,180,180,1,180,180,180,180,180,180,180,180,0
0,180,180,180,180,180,180,180,180,1,180,180,180,180,180,180,180,180,0
0,180,180,180,180,180,180,56,180,1,180,56,180,180,180,180,180,180,0
0,180,180,180,180,180,180,180,180,1,180,180,180,180,180,180,180,180,0
0,180,180,180,180,180,180,180,180,1,180,180,180,180,180,180,180,180,0
0,180,180,180,180,180,180,180,180,1,180,180,180,180,180,180,180,180,0
0,180,180,180,180,180,180,180,180,1,180,180,180,180,180,180,180,180,0
0,180,180,180,180,180,180,52,180,1,180,52,180,180,180,180,180,180,0
0,180,180,180,180,180,180,180,180,1,180,180,180,180,180,180,180,180,0
0,180,180,180,180,180,180,180,180,1,180,180,180,180,180,180,180,180,0
0,180,180,180,180,180,180,180,1,1,1,180,180,180,180,180,180,180,0
0,180,180,180,180,180,180,180,1,1,1,180,180,180,180,180,180,180,0
0,180,180,180,180,180,180,180,1,1,1,180,180,180,180,180,180,180,0
0,180,180,180,180,180,180,180,180,180,180,180,180,180,180,180,180,180,0
0,180,180,180,180,180,180,180,180,180,180,180,180,180,180,180,180,180,0
0,180,180,180,180,180,180,180,180,180,180,180,180,180,180,180,180,180,0
0,180,180,180,180,180,180,180,180,180,180,180,180,180,180,180,180,180,0
0,0,0,0,0,0,0,0,0,0,0,0,0,0,0,0,0,0,0
@
950,3050
bossarea
true
5,5,9,9
@
spawn
201
9,9
5,5,9,9
@