0,0,0,0,0,0,0,0,0,0,0,0,0,0,0,0,0,0,0,0,0,0,0,0,0,0,0,0,0,0,0,0,0,0,0,0,0,0,0,0,0,0,0,0,0,0,0
0,0,0,0,0,0,0,0,0,0,0,0,1,1,1,1,1,1,1,0,0,0,0,0,0,0,0,0,0,0,0,0,0,0,0,0,0,0,0,0,0,0,0,0,0,0,0
0,0,0,0,0,0,0,0,0,0,0,0,1,1,1,1,1,1,1,0,0,0,0,0,0,0,0,0,0,0,1,1,1,1,1,0,0,0,0,1,1,1,1,1,1,1,0
0,0,0,0,0,1,1,1,0,0,0,0,1,1,1,1,1,1,1,0,0,0,0,1,1,1,0,0,0,0,1,1,1,1,1,0,0,0,0,1,1,1,1,1,1,1,0
0,0,0,0,0,1,1,1,4,4,4,4,1,1,1,1,1,1,1,4,4,4,4,1,120,1,4,4,4,4,1,1,1,1,1,4,4,4,4,1,1,1,1,1,1,1,0
0,0,0,0,0,1,1,1,0,0,0,0,1,1,1,1,1,1,1,0,0,0,0,1,1,1,0,0,0,0,1,1,1,1,1,0,0,0,0,1,1,1,1,1,1,1,0
0,0,0,0,0,0,4,0,0,0,0,0,1,1,1,1,1,1,1,0,0,0,0,0,0,0,0,0,0,0,1,1,1,1,1,0,0,0,0,1,1,1,1,1,1,1,0
0,0,0,0,0,0,4,0,0,0,0,0,1,1,1,1,1,1,1,0,0,0,0,0,0,0,0,0,0,0,0,0,4,0,0,0,0,0,0,1,1,1,1,1,1,1,0
0,0,0,0,0,0,4,0,0,0,0,0,0,2,2,2,2,2,0,0,0,0,0,0,0,0,0,0,0,0,0,0,0,0,0,0,0,0,0,1,1,1,1,1,1,1,0
0,0,0,0,0,0,4,0,0,0,0,0,0,2,2,2,2,3,0,0,0,0,0,0,0,0,0,0,0,0,0,0,4,0,0,0,0,0,0,0,0,0,4,0,0,0,0
0,0,1,1,1,1,1,0,0,0,0,0,0,2,2,2,3,3,0,0,0,0,0,0,0,0,0,0,1,1,1,1,1,1,1,0,0,0,0,0,0,0,4,0,0,0,0
0,0,1,1,1,1,1,0,0,0,0,0,0,2,2,2,3,41,0,0,0,0,0,0,0,0,0,0,1,1,1,1,1,1,1,0,0,0,0,0,0,0,4,0,0,0,0
0,0,1,1,1,1,1,0,0,0,0,0,0,3,3,3,3,41,0,0,0,0,0,0,0,0,0,0,1,1,1,1,1,1,1,4,4,4,4,4,1,4,1,4,1,1,0
0,0,1,1,1,1,1,0,0,0,0,0,0,3,3,3,41,41,0,0,0,0,0,0,0,0,0,0,1,1,1,1,1,1,1,0,0,0,0,4,4,1,0,4,4,1,0
0,0,1,1,1,1,1,0,0,0,0,0,0,41,41,41,41,41,0,0,0,0,0,0,0,0,0,0,1,1,1,1,1,1,1,0,0,0,0,4,1,4,4,1,4,1,0
0,0,0,0,4,0,0,0,0,0,0,0,0,41,41,41,3,3,0,0,0,0,0,0,0,0,0,0,0,0,0,4,0,0,0,0,0,0,0,1,4,0,1,4,4,4,0
0,0,0,0,4,0,0,0,0,0,0,0,0,3,3,3,3,3,0,0,0,0,0,0,0,0,0,0,0,0,0,4,0,0,0,0,0,0,0,1,4,1,4,4,1,1,0
0,0,0,0,4,0,0,0,0,0,0,0,0,3,3,3,3,2,0,0,0,0,0,0,0,0,0,0,0,0,0,4,0,0,0,0,0,0,0,1,4,4,4,0,1,1,0
0,0,0,0,4,0,0,0,0,0,0,0,0,2,2,2,2,2,0,0,0,0,0,1,1,1,0,0,0,0,0,4,0,0,0,0,0,0,0,4,1,4,1,1,4,1,0
0,0,0,0,4,0,0,0,0,0,0,0,0,2,2,2,2,2,4,4,4,4,4,33,1,31,4,4,4,4,1,1,1,0,0,0,0,0,0,0,0,0,0,0,0,0,0
0,0,0,0,4,0,0,0,0,0,0,0,0,0,0,4,0,0,0,0,0,0,0,1,1,1,0,0,0,0,1,1,1,0,0,0,0,0,0,0,0,0,0,0,0,0,0
0,0,0,0,4,0,0,0,0,0,0,0,0,0,0,4,0,0,0,0,0,0,0,0,0,0,0,0,0,0,1,1,1,4,4,4,4,0,0,0,0,0,0,0,0,0,0
0,0,0,0,4,0,0,0,0,0,0,0,0,0,0,4,0,0,0,0,0,0,0,0,0,0,0,0,0,0,1,1,1,4,4,4,4,0,0,0,0,0,0,0,0,0,0
0,0,0,0,4,0,0,0,0,0,0,0,0,0,0,4,0,0,0,0,0,0,0,0,0,0,0,0,0,0,1,1,1,0,0,4,4,0,0,0,0,0,0,0,0,0,0
0,1,1,1,1,1,1,4,0,0,0,0,1,1,1,1,1,1,1,0,0,0,0,0,0,0,0,0,0,0,1,1,1,0,0,4,4,0,0,0,0,0,0,0,0,0,0
0,1,1,4,1,1,1,1,0,0,0,0,1,1,1,1,1,1,1,0,0,0,0,0,0,0,0,0,0,0,1,1,1,1,1,1,1,1,1,0,0,0,0,0,0,0,0
0,1,1,1,1,4,1,1,0,0,0,0,1,1,1,1,1,1,1,0,0,0,0,1,1,1,0,0,0,0,1,1,1,1,1,1,1,1,1,0,0,0,0,0,0,0,0
0,1,4,1,1,1,1,1,4,4,4,4,1,1,1,1,1,1,1,4,4,4,4,1,120,1,4,4,4,4,1,1,1,1,1,1,1,1,1,0,0,0,0,0,0,0,0
0,1,1,1,1,1,1,4,0,0,0,0,1,1,1,1,1,1,1,0,0,0,0,1,1,1,0,0,0,0,4,0,0,0,0,0,0,0,0,0,0,0,0,0,0,0,0
0,1,1,1,1,4,1,1,0,0,0,0,1,1,1,1,1,1,1,0,0,0,0,0,0,0,0,0,0,0,4,0,0,0,0,0,0,0,0,0,0,0,0,0,0,0,0
0,1,1,4,1,1,1,1,0,0,0,0,1,1,1,1,1,1,1,0,0,0,0,0,0,0,0,0,0,0,4,0,0,0,0,0,0,0,0,0,0,0,0,0,0,0,0
0,0,0,0,0,0,0,0,0,0,0,0,0,0,0,4,0,0,0,0,0,0,0,0,0,0,0,0,0,0,4,0,0,0,0,0,0,0,0,0,0,0,0,0,0,0,0
0,0,0,0,0,0,0,0,0,0,0,0,0,0,0,4,0,0,0,0,0,0,0,0,0,0,1,1,1,1,1,1,1,1,1,0,0,0,0,0,0,0,0,0,0,0,0
0,0,0,0,0,0,0,0,0,0,0,0,0,0,0,4,0,0,0,0,0,0,0,0,0,0,1,1,1,1,1,1,1,1,1,0,0,0,0,0,0,0,0,0,0,0,0
0,0,0,0,0,0,0,0,0,0,0,0,0,0,0,4,0,0,0,0,0,0,0,0,0,0,1,1,1,1,1,1,1,1,1,0,0,0,0,0,0,0,0,0,0,0,0
0,1,1,1,1,1,1,1,0,0,0,0,4,4,4,4,4,4,4,0,0,0,0,0,0,0,1,1,1,1,1,1,1,1,1,0,0,0,0,0,0,0,0,0,0,0,0
0,1,1,1,1,1,1,1,0,0,0,0,4,4,4,4,0,4,1,4,4,4,4,4,4,4,1,1,1,1,1,1,1,1,1,0,0,0,0,0,0,0,0,0,0,0,0
0,1,1,1,1,1,1,1,0,0,0,0,4,0,0,4,0,4,1,0,0,0,0,0,0,0,0,0,0,0,0,0,0,0,0,0,0,0,0,0,0,0,0,0,0,0,0
0,1,1,1,1,1,1,1,4,4,4,4,4,4,1,4,0,4,1,0,0,0,0,0,0,0,0,0,0,0,0,0,0,0,0,0,0,0,0,0,0,0,0,0,0,0,0
0,1,1,1,1,1,1,1,0,0,0,0,4,0,1,4,4,1,1,0,0,0,0,0,0,0,0,0,0,0,0,0,0,0,0,0,0,0,0,0,0,0,0,0,0,0,0
0,1,1,1,1,1,1,1,0,0,0,0,4,4,1,4,0,0,4,0,0,0,0,0,0,0,0,0,0,0,0,0,0,0,0,0,0,0,0,0,0,0,0,0,0,0,0
0,1,1,1,1,1,1,1,0,0,0,0,4,4,4,4,4,4,4,0,0,0,0,0,0,0,0,0,0,0,0,0,0,0,0,0,0,0,0,0,0,0,0,0,0,0,0
0,0,0,0,0,0,0,0,0,0,0,0,0,0,0,0,0,0,0,0,0,0,0,0,0,0,0,0,0,0,0,0,0,0,0,0,0,0,0,0,0,0,0,0,0,0,0
@
2450,1950
bossarea
false
30,19,9,9
false
28,10,7,5
false
39,12,7,7
true
39,2,7,7
false
12,1,7,7
false
2,10,5,5
true
1,24,7,7
false
12,24,7,7
false
26,32,9,5
false
12,35,7,7
true
1,35,7,7
@
spawn
181
32,22
30,19,9,9
181
35,25
30,19,9,9
181
37,21
30,19,9,9
92
28,12
28,10,7,5
93
34,12
28,10,7,5
21
31,11
28,10,7,5
2
29,14
28,10,7,5
2
33,14
28,10,7,5
191
42,15
39,12,7,7
192
42,5
39,2,7,7
182
33,3
30,2,5,5
182
33,5
30,2,5,5
93
15,3
12,1,7,7
182
14,5
12,1,7,7
181
18,4
12,1,7,7
181
14,2
12,1,7,7
181
17,6
12,1,7,7
181
12,4
12,1,7,7
183
5,3
5,3,3,3
3
3,13
2,10,5,5
92
4,14
2,10,5,5
3
5,13
2,10,5,5
192
4,27
1,24,7,7
181
16,25
12,24,7,7
181
14,29
12,24,7,7
181
17,28
12,24,7,7
181
14,26
12,24,7,7
181
12,28
12,24,7,7
91
28,35
26,32,9,5
92
32,35
26,32,9,5
181
14,10
13,8,5,6
182
17,12
13,8,5,6
182
16,9
13,8,5,6
181
13,12
13,8,5,6
181
13,15
13,14,5,6
182
16,17
13,14,5,6
181
15,14
13,14,5,6
183
13,38
12,35,7,7
183
17,40
12,35,7,7
183
18,37
12,35,7,7
181
13,36
12,35,7,7
181
15,38
12,35,7,7
181
14,40
12,35,7,7
182
17,36
12,35,7,7
192
4,38
1,35,7,7
22
30,34
26,32,9,5
182
28,33
26,32,9,5
182
32,33
26,32,9,5
181
26,34
26,32,9,5
181
34,34
26,32,9,5
@