0,0,0,0,0,0,0,0,0,0,0,0,0,0,0,0,0,0,0,0,0,0,0,0,0,0,0,0,0,0,0,0,0,0,0,0,0,0,0,0,0,0,0,0,0,0,0,0,0,0,0,0,0,0,0,0,0,0,0,0,0,0,0,0,0,0,0
0,0,0,0,0,0,0,0,0,0,0,0,0,0,0,0,0,0,0,0,0,0,1,1,1,1,1,1,1,0,0,0,0,0,0,0,0,0,0,0,0,0,0,0,0,0,0,0,0,0,0,0,0,0,0,0,0,0,0,0,0,0,0,0,0,0,0
0,0,0,0,0,0,0,0,0,0,0,0,0,0,0,0,0,0,0,0,0,0,1,1,1,1,1,1,1,0,0,0,0,0,0,0,0,0,0,0,0,0,0,0,0,0,0,0,0,0,0,0,0,0,0,0,0,0,0,0,0,0,0,0,0,0,0
0,0,0,0,0,0,0,0,0,0,0,0,0,0,0,0,0,0,0,0,0,0,1,1,1,1,1,1,1,0,0,0,0,0,0,0,0,0,0,0,0,0,0,0,41,41,41,41,41,41,41,0,0,0,0,0,0,0,0,0,0,0,0,0,0,0,0
0,0,0,0,0,0,0,0,0,0,0,0,0,0,0,0,0,0,0,0,0,0,1,1,1,1,1,1,1,0,0,0,0,0,0,0,0,0,0,0,0,41,41,41,41,1,0,1,1,120,41,41,0,0,0,0,0,0,0,0,0,0,0,0,0,0,0
0,0,0,0,0,0,0,0,0,0,0,0,0,0,0,0,0,0,0,0,0,0,1,1,1,1,1,1,1,0,0,0,0,0,0,0,0,0,0,41,41,41,1,1,0,1,110,1,0,1,110,41,41,0,0,0,0,0,0,0,0,0,0,0,0,0,0
0,0,0,0,0,0,0,0,0,0,0,0,0,0,0,0,0,0,0,41,41,41,1,1,1,1,1,1,1,0,0,0,0,0,0,0,0,0,0,41,110,1,0,110,1,1,0,1,1,1,0,1,41,41,0,0,0,0,0,0,0,0,0,0,0,0,0
0,0,0,0,0,0,0,0,0,0,0,41,41,41,41,41,41,41,41,41,41,41,1,1,1,1,1,1,1,0,0,0,0,0,0,0,0,41,41,41,0,1,1,1,0,1,1,110,0,1,1,1,0,41,41,41,41,41,0,0,0,0,0,0,0,0,0
0,0,0,0,0,0,0,0,0,41,41,41,41,41,41,41,41,41,0,0,0,0,0,0,0,0,0,0,0,0,0,0,0,0,0,0,0,41,0,1,1,1,0,1,1,110,0,1,1,1,0,1,110,1,0,1,110,41,41,0,0,0,0,0,0,0,0
0,0,0,0,0,0,41,41,0,41,0,0,0,0,0,0,0,0,0,0,0,0,0,0,0,0,0,0,0,0,0,0,0,0,0,0,0,41,110,1,0,1,1,1,0,1,1,1,0,110,1,1,0,1,1,1,0,1,41,41,41,41,0,0,0,0,0
0,0,0,0,0,0,0,41,0,41,0,1,1,1,1,1,1,1,1,1,1,1,1,1,1,1,0,1,1,110,0,1,1,1,0,1,1,41,0,1,1,1,110,1,1,1,0,1,1,1,0,1,1,1,0,1,1,1,0,1,1,41,41,0,0,0,0
0,0,0,0,0,0,0,41,41,41,0,1,1,1,1,1,1,1,1,1,1,1,1,1,0,1,110,1,0,1,1,110,0,1,1,1,0,41,1,1,1,1,1,1,0,1,110,1,0,1,1,1,1,1,1,1,0,110,1,1,0,1,41,0,0,0,0
0,0,0,41,0,0,41,41,41,0,0,1,1,1,1,1,0,0,0,0,0,0,0,1,1,1,0,1,1,110,0,1,1,1,0,110,1,41,0,1,110,1,1,1,110,1,0,1,1,1,1,1,1,1,1,1,1,1,0,1,110,1,41,0,0,0,0
0,0,0,41,41,41,41,0,41,0,0,1,1,1,1,1,0,0,0,0,0,0,0,1,0,1,1,1,0,1,1,1,0,1,110,1,0,41,41,41,1,1,1,1,0,1,1,1,0,1,1,1,1,1,1,1,0,1,1,1,0,1,41,0,0,0,0
0,0,0,0,0,41,41,0,41,41,0,1,1,1,1,1,0,0,0,0,0,0,0,110,1,1,0,110,1,1,0,1,110,1,0,1,110,1,0,41,1,1,110,1,1,1,0,110,1,1,1,1,1,1,1,1,1,1,0,110,1,1,41,0,0,0,0
0,0,0,0,41,41,0,0,0,0,0,136,136,136,136,136,0,0,0,0,0,0,0,1,0,1,110,1,0,1,1,1,0,1,1,1,0,1,1,41,0,1,1,1,0,110,1,1,0,110,1,1,1,1,1,1,0,1,1,1,0,1,41,0,0,0,0
0,0,41,41,41,0,0,0,0,0,0,136,136,136,136,136,0,0,0,0,0,0,0,1,1,1,0,1,1,1,0,1,1,1,0,1,1,1,1,41,1,1,0,1,1,1,0,1,1,1,0,1,1,1,0,110,1,110,0,1,1,1,41,41,0,0,0
0,0,0,0,41,41,0,0,0,0,0,136,136,136,136,136,0,0,0,0,0,0,0,1,0,1,110,1,0,1,1,1,0,1,110,1,0,1,1,41,41,1,110,1,0,1,110,1,0,1,1,1,0,1,1,1,0,1,1,1,0,1,110,41,0,0,0
0,0,0,41,41,0,0,0,0,0,0,136,136,136,136,136,0,0,0,0,0,0,0,1,1,1,0,1,1,110,0,1,110,1,0,1,1,1,1,1,41,1,0,1,110,1,0,1,1,1,0,1,110,1,0,1,1,1,0,110,1,1,0,41,0,0,0
0,0,0,41,41,41,0,0,0,0,0,136,136,136,136,136,0,0,0,0,0,0,0,1,0,1,1,1,0,1,1,1,0,1,1,1,0,1,1,1,41,1,1,1,0,1,1,1,0,110,1,1,0,1,1,1,0,1,1,1,0,1,41,41,0,0,0
0,0,0,0,0,41,0,0,0,0,0,136,136,136,136,136,0,0,0,0,0,0,0,1,1,110,0,1,110,1,0,110,1,1,0,110,1,1,1,110,41,41,0,1,1,1,0,110,1,1,0,1,1,110,0,1,110,1,0,1,1,41,41,0,0,0,0
0,0,41,41,41,41,0,0,0,0,0,136,136,136,136,136,0,0,0,0,0,0,0,0,0,0,0,0,0,0,0,0,0,0,0,0,0,0,0,0,41,41,0,0,0,0,0,0,0,0,0,1,0,1,1,1,0,1,1,1,0,41,0,0,0,0,0
0,41,41,41,41,0,0,0,0,0,0,136,136,136,136,136,0,0,0,0,0,0,0,0,0,0,0,0,0,0,0,0,0,0,0,0,0,0,0,0,41,41,0,0,0,0,0,0,0,0,0,0,1,1,0,1,1,1,0,1,110,41,0,0,0,0,0
0,41,41,41,0,0,0,0,0,0,0,136,136,136,136,136,0,0,0,0,0,0,0,0,0,0,0,0,0,0,0,0,0,0,0,0,0,0,0,0,41,41,0,0,0,0,0,0,0,0,0,0,0,1,110,1,0,110,1,1,0,41,0,0,0,0,0
0,0,52,52,0,0,0,0,0,0,0,136,136,136,136,136,0,0,0,0,0,0,0,0,0,0,0,0,0,0,0,0,0,0,0,0,0,0,0,0,41,41,0,0,0,0,0,0,0,0,0,0,0,0,0,1,1,1,0,110,1,1,41,0,0,0,0
0,0,41,41,1,1,1,1,1,1,1,1,1,1,1,1,1,1,1,1,1,1,1,1,1,1,1,1,1,1,1,1,1,1,0,0,0,0,0,0,41,41,0,0,0,0,0,0,0,0,0,0,0,0,110,1,0,1,1,1,0,110,1,41,0,0,0
0,0,41,41,41,41,41,41,1,1,1,1,1,1,1,1,1,1,1,1,1,1,1,1,1,1,1,1,1,1,1,1,1,1,0,0,0,0,0,0,41,41,0,0,0,2,2,2,0,0,0,0,0,0,0,1,1,1,0,1,1,1,0,1,41,0,0
0,0,41,41,41,41,41,41,41,41,1,1,1,1,1,1,1,1,1,1,1,1,1,1,1,1,1,1,1,1,1,1,1,1,0,0,0,0,0,0,41,41,80,1,1,2,2,2,0,0,0,0,0,0,1,1,0,110,1,1,0,110,1,110,41,0,0
0,0,41,41,41,41,41,41,41,41,41,41,41,41,41,41,41,41,41,41,41,41,41,41,41,1,1,1,1,1,1,1,1,1,0,0,0,0,0,0,41,41,0,0,0,2,2,2,0,0,0,0,0,0,0,1,1,1,0,110,1,1,0,41,41,0,0
0,0,1,41,41,41,41,41,41,41,41,41,41,41,41,41,41,41,41,41,41,41,41,41,41,41,41,41,41,1,1,1,1,1,0,0,0,0,0,41,41,41,0,0,0,0,0,0,0,0,0,0,0,0,1,110,0,1,1,1,0,1,41,41,0,1,0
0,0,1,1,1,1,1,41,41,41,41,41,41,41,41,41,41,41,41,41,41,41,41,41,41,41,41,41,41,41,1,1,1,1,0,0,0,41,41,41,41,0,0,0,0,0,0,0,0,0,0,0,0,0,0,1,1,1,0,1,1,41,41,110,1,1,0
0,0,1,1,1,1,1,1,1,1,1,1,41,41,41,41,41,41,41,41,41,41,41,41,41,41,41,41,41,41,1,1,1,1,41,41,41,41,41,41,0,0,0,0,0,0,0,0,0,0,0,0,0,0,110,1,0,1,1,1,41,41,1,1,0,1,0
0,0,1,1,1,1,1,1,1,1,1,1,1,1,1,1,41,41,41,41,41,41,41,41,41,41,41,41,41,41,1,5,1,41,41,41,41,0,0,0,0,0,0,0,0,0,0,0,0,0,0,0,0,0,0,1,1,1,0,41,41,1,0,1,1,1,1
0,0,41,1,1,1,1,1,1,41,41,1,1,1,1,1,41,41,41,41,41,41,41,41,41,41,41,41,41,41,41,5,41,41,41,0,0,0,0,0,0,0,0,1,1,1,1,1,1,1,0,0,0,0,0,1,0,1,41,41,0,110,1,1,0,1,1
0,0,41,1,1,1,1,1,1,41,41,1,1,1,1,1,41,41,41,41,41,41,41,41,41,41,41,41,41,41,41,5,41,41,0,0,0,0,0,0,0,0,0,1,1,1,1,1,1,1,0,0,0,0,0,0,1,1,41,1,1,1,0,1,110,1,0
0,0,41,41,1,1,1,1,5,5,41,41,41,5,5,1,41,41,41,41,41,41,41,41,41,41,41,41,41,1,1,5,1,1,0,0,0,0,0,0,0,0,0,1,1,1,1,1,1,1,0,0,0,0,0,0,0,1,41,1,0,1,1,1,0,1,1
0,0,41,41,41,1,1,41,5,5,5,41,5,5,5,41,41,41,41,41,41,41,41,41,41,41,41,41,1,1,1,1,1,0,0,0,0,0,0,0,0,0,0,1,1,1,1,1,1,1,0,0,0,0,0,0,120,1,41,1,1,110,0,1,1,1,0
0,0,120,41,41,41,41,41,41,5,5,41,5,5,41,41,41,41,41,41,41,41,41,41,41,41,41,41,1,1,1,1,1,0,0,0,0,0,0,0,0,0,0,1,1,1,1,1,1,1,0,0,0,0,0,0,0,1,41,1,0,1,1,1,0,110,1
0,0,1,1,41,41,41,41,41,41,1,1,1,1,41,41,41,41,41,41,41,41,41,41,41,41,41,41,1,1,1,1,1,0,0,0,0,0,0,0,0,0,0,1,1,1,1,1,1,1,0,0,0,0,0,0,0,1,41,110,1,1,0,1,1,1,0
0,0,1,1,1,41,41,41,1,1,1,1,1,1,41,41,41,41,41,41,41,41,41,41,41,41,41,41,1,1,1,1,1,0,0,0,0,0,0,0,0,0,0,1,1,1,1,1,1,1,0,0,0,0,0,0,0,41,41,1,0,1,110,1,0,1,1
0,0,1,1,1,1,41,41,41,1,1,50,1,1,1,41,41,41,41,41,41,41,41,41,41,41,41,41,1,1,1,1,0,0,0,0,0,0,0,0,0,0,0,0,0,0,0,0,0,1,0,0,0,0,0,0,41,41,0,1,1,1,0,110,1,1,0
0,0,1,1,1,1,1,41,41,41,1,1,1,1,5,5,5,5,1,1,41,41,41,41,41,41,1,1,1,1,1,0,0,0,0,0,0,0,0,0,0,0,0,0,0,0,0,0,0,1,0,0,0,0,0,41,41,110,1,1,0,1,1,1,0,110,0
0,0,1,1,1,1,1,41,41,41,1,1,1,1,5,5,5,5,1,1,1,1,1,5,5,5,5,1,1,1,1,0,0,0,0,0,0,0,0,0,0,0,0,0,0,0,0,0,0,1,0,0,0,0,41,41,0,1,0,1,110,1,0,1,1,1,0
0,0,1,1,1,1,1,41,41,41,1,1,41,41,41,41,41,1,1,1,1,1,1,5,5,5,5,1,1,1,1,0,0,0,0,0,0,0,0,1,120,1,0,0,0,0,0,0,41,30,41,41,41,41,41,1,1,1,1,1,0,1,1,110,0,1,0
0,0,1,1,1,1,5,41,41,41,41,41,41,41,41,41,1,1,1,1,1,1,1,1,41,41,1,1,1,1,1,0,0,0,0,0,0,0,0,1,1,1,0,0,0,0,0,41,41,1,1,1,1,1,1,1,0,1,0,1,1,1,0,1,1,1,0
0,0,1,1,41,41,5,41,41,41,41,41,41,1,1,1,1,1,1,1,1,1,1,1,41,41,1,1,1,1,1,56,135,135,135,135,135,135,135,135,135,135,135,135,135,135,135,135,135,1,1,1,1,1,1,1,110,1,1,1,0,1,1,1,0,1,0
0,0,41,41,41,41,5,41,41,41,41,1,1,1,1,1,1,1,1,1,1,1,1,41,41,41,1,1,1,1,1,56,135,135,135,135,135,135,135,135,135,135,135,135,135,135,135,135,135,1,1,1,1,1,1,1,0,1,0,1,1,110,0,1,1,1,0
0,0,41,41,41,41,5,1,1,1,1,1,1,1,1,1,1,1,1,1,1,41,41,41,41,1,1,1,1,1,1,56,135,135,135,135,135,135,135,135,135,135,135,135,135,135,135,135,135,1,1,1,1,1,1,1,1,1,110,1,0,1,1,1,110,0,0
0,0,41,41,41,1,1,1,1,1,1,1,1,1,1,1,1,1,1,1,1,41,41,41,1,1,1,1,1,1,1,56,135,135,135,135,135,135,135,135,135,135,135,135,135,135,135,135,135,1,1,1,1,1,1,1,0,1,0,1,1,1,1,1,0,0,0
0,0,41,41,41,41,41,41,41,41,41,41,41,41,41,41,1,1,1,1,1,41,41,1,1,1,1,1,1,1,1,56,135,135,135,135,135,135,135,135,135,135,135,135,135,135,135,135,135,1,1,1,1,1,1,1,1,110,1,1,0,0,0,0,0,0,0
0,0,41,41,41,41,41,41,41,41,41,41,41,41,41,41,1,1,1,1,1,41,41,1,1,1,1,1,1,1,1,0,0,0,0,0,0,0,0,0,0,0,0,0,0,0,0,0,0,0,0,0,0,0,0,0,0,0,0,0,0,0,0,0,0,0,0
0,0,41,41,41,41,41,41,41,41,41,41,41,41,41,41,1,1,1,41,41,41,41,1,1,1,1,1,1,1,1,0,0,0,0,0,0,0,0,0,0,0,0,0,0,0,0,0,0,0,0,0,0,0,0,0,0,0,0,0,0,0,0,0,0,0,0
0,0,41,41,41,41,41,41,41,41,41,41,41,41,41,41,1,1,41,41,41,41,41,1,1,1,1,1,1,1,1,0,0,0,0,0,0,0,0,0,0,0,0,0,0,0,0,0,0,0,0,0,0,0,0,0,0,0,0,0,0,0,0,0,0,0,0
0,0,41,41,41,41,41,41,41,41,41,41,41,41,41,1,1,1,41,41,41,41,41,41,1,1,1,1,1,1,1,0,0,0,0,0,0,0,0,0,0,0,0,0,0,0,0,0,0,0,0,0,0,0,0,0,0,0,0,0,0,0,0,0,0,0,0
0,0,41,41,41,41,41,41,41,41,41,1,1,1,1,1,1,1,41,41,41,41,41,41,41,41,41,41,41,41,41,0,0,0,0,0,0,0,0,0,0,0,0,0,0,0,0,0,0,0,0,0,0,0,0,0,0,0,0,0,0,0,0,0,0,0,0
0,0,41,41,41,41,41,41,41,41,1,1,41,1,1,1,1,41,41,41,41,41,41,41,41,41,41,41,41,41,41,41,0,0,0,0,0,0,0,0,0,0,0,0,0,0,0,0,0,0,0,0,0,0,0,0,0,0,0,0,0,0,0,0,0,0,0
0,0,41,41,41,41,41,41,41,1,1,1,41,1,1,1,41,41,41,41,41,41,41,41,41,41,41,41,41,41,41,41,0,0,0,0,0,0,0,0,0,0,0,0,0,0,0,0,0,0,0,0,0,0,0,0,0,0,0,0,0,0,0,0,0,0,0
0,0,41,41,41,41,1,1,1,1,41,41,41,1,41,41,41,41,41,1,1,1,41,41,41,41,41,41,1,1,41,0,0,0,0,0,0,0,0,0,0,0,0,0,0,0,0,0,0,0,0,0,0,0,0,0,0,0,0,0,0,0,0,0,0,0,0
0,0,41,41,41,1,1,54,41,41,41,41,1,1,41,41,41,41,41,41,1,1,1,1,41,41,1,1,1,1,41,0,0,0,0,0,0,0,0,0,0,0,0,0,0,0,0,0,0,0,0,0,0,0,0,0,0,0,0,0,0,0,0,0,0,0,0
0,0,41,41,1,1,1,1,1,1,1,1,1,41,41,41,41,41,41,41,1,1,1,1,41,1,1,1,1,41,41,41,0,0,0,0,0,0,0,0,0,0,0,0,0,0,0,0,0,0,0,0,0,0,0,0,0,0,0,0,0,0,0,0,0,0,0
0,0,41,41,41,41,41,1,1,1,1,41,41,41,41,41,41,41,41,41,41,41,1,1,41,1,1,1,1,41,41,41,41,0,0,0,0,0,0,0,0,0,0,0,0,0,0,0,0,0,0,0,0,0,0,0,0,0,0,0,0,0,0,0,0,0,0
0,0,41,41,41,41,41,41,41,41,41,41,41,41,41,41,41,41,41,41,41,41,1,1,41,41,41,1,41,41,41,41,41,41,0,0,0,0,0,0,0,0,0,0,0,0,0,0,0,0,0,0,0,0,0,0,0,0,0,0,0,0,0,0,0,0,0
0,0,41,41,41,41,41,41,41,41,41,41,41,41,41,41,41,41,41,41,41,41,41,1,41,41,41,41,41,41,41,41,0,0,0,0,0,0,0,0,0,0,0,0,0,0,0,0,0,0,0,0,0,0,0,0,0,0,0,0,0,0,0,0,0,0,0
0,0,41,41,41,41,41,41,41,41,41,41,41,41,41,41,41,41,41,41,41,41,41,41,41,41,41,41,41,41,41,0,0,0,0,0,0,0,0,0,0,0,0,0,0,0,0,0,0,0,0,0,0,0,0,0,0,0,0,0,0,0,0,0,0,0,0
0,0,41,41,41,41,41,41,41,41,41,41,41,41,41,41,41,41,41,41,41,41,41,41,41,41,41,41,41,41,41,0,41,41,4,4,120,0,0,0,0,0,0,0,0,0,0,0,0,0,0,0,0,0,0,0,0,0,0,0,0,0,0,0,0,0,0
0,0,41,41,41,41,41,41,41,41,41,41,41,41,41,41,41,41,41,41,41,41,41,41,41,41,41,41,41,41,41,41,41,0,0,0,0,0,0,0,0,0,0,0,0,0,0,0,0,0,0,0,0,0,0,0,0,0,0,0,0,0,0,0,0,0,0
0,0,41,41,41,41,41,41,41,41,41,41,41,41,41,41,41,41,41,41,41,41,41,41,41,41,41,41,41,41,41,0,0,0,0,0,0,0,0,0,0,0,0,0,0,0,0,0,0,0,0,0,0,0,0,0,0,0,0,0,0,0,0,0,0,0,0
0,0,0,0,0,0,0,0,0,0,0,0,0,0,0,0,0,0,0,0,0,0,0,0,0,0,0,0,0,0,0,0,0,0,0,0,0,0,0,0,0,0,0,0,0,0,0,0,0,0,0,0,0,0,0,0,0,0,0,0,0,0,0,0,0,0,0
@
1350,1250
bossarea
true
22,1,7,7
true
43,33,7,7
false
39,10,5,5
false
37,16,5,5
false
49,11,7,5
false
3,30,6,7
false
16,43,8,4
false
2,40,5,6
false
8,54,6,7
false
19,57,11,6
false
25,47,6,7
false
25,25,9,6
@
spawn
52
25,4
22,1,7,7
52
46,36
43,33,7,7
14
41,12
39,10,5,5
5
39,18
37,16,5,5
13
52,13
49,11,7,5
3
30,15
28,13,5,5
14
25,19
23,17,5,4
4
25,11
23,10,5,4
15
47,7
44,5,7,5
3
46,19
44,17,5,4
171
55,19
53,17,5,5
171
60,24
58,22,5,4
5
56,28
54,25,5,5
2
64,34
62,32,5,5
2
60,40
58,38,5,5
14
63,46
61,44,5,5
81
52,46
49,44,7,6
141
27,26
25,25,9,6
141
31,29
25,25,9,6
81
29,27
25,25,9,6
24
6,33
3,30,6,7
23
4,43
2,40,5,6
13
20,44
16,43,8,4
35
28,52
25,47,6,7
141
26,50
25,47,6,7
141
29,48
25,47,6,7
44
10,57
8,54,6,7
51
24,60
19,57,11,6
2
18,27
15,25,6,5
34
19,28
15,25,6,5
172
13,33
10,31,6,6
15
30,39
28,35,5,6
2
30,37
28,35,5,6
14
28,44
26,41,5,5
33
15,51
13,48,7,5
33
18,50
13,48,7,5
171
8,48
5,47,6,3
34
6,63
3,62,6,5
33
4,65
3,62,6,5
4
22,35
19,32,7,7
12
14,64
11,62,7,5
32
4,53
2,51,5,6
123
46,27
45,26,3,3
@
sign
42,27
大きい奴は通さんぞ！
@