41,41,41,41,41,41,41,41,41,41,41,41,41,41,41,41,41,41,41,41,41,41,41,41,41,41,41,41,41,41,41,41,41,41,41,41,41,41,41,41,41,41,41,41,41,41,41,41,41,41,41,41,41,41,41,41,41,41,41,41,41,41,41,41,41,41,41,41,41,41,41,41,41,41,41,41,41,41,41,41,41,41,41,41,41,41,41,41,41,41,41,41,41,41,41,41,41
41,41,41,1,41,41,41,41,41,41,41,41,41,41,41,41,41,41,41,41,41,41,41,41,41,41,41,41,41,41,41,41,41,41,41,41,41,41,41,41,41,41,41,41,41,41,41,41,41,41,41,41,41,41,41,41,41,41,41,41,41,41,41,41,41,41,41,41,41,41,41,41,41,41,41,41,41,41,41,41,41,41,41,41,41,41,41,41,41,41,41,41,41,41,41,41,41
41,41,1,1,1,1,41,41,41,41,41,41,41,41,41,41,41,41,41,41,41,41,41,41,41,41,41,41,41,41,41,41,41,41,41,41,41,41,41,41,41,41,41,41,41,41,41,41,41,41,41,41,41,41,41,41,41,41,41,41,41,41,41,41,41,41,41,41,41,41,41,41,41,41,41,41,41,41,41,41,41,41,41,41,41,41,41,41,41,41,41,41,41,41,41,41,41
41,41,41,1,120,1,41,41,41,41,41,41,41,41,41,41,41,41,41,41,41,41,41,41,41,41,41,41,41,41,41,41,41,41,41,41,41,41,41,41,41,41,41,41,41,41,41,41,1,41,41,41,41,41,41,41,41,41,41,41,41,41,41,41,41,41,41,41,41,41,41,41,41,41,41,41,41,41,41,41,41,41,41,41,41,41,41,41,41,41,41,41,41,41,41,41,41
41,41,41,41,41,1,41,41,41,41,41,41,41,41,41,41,41,41,41,41,41,41,41,41,41,41,41,41,41,41,41,41,41,41,41,41,3,41,41,41,41,41,41,41,41,41,41,1,120,41,41,41,41,41,41,41,41,41,41,41,41,41,41,41,41,41,41,41,41,41,41,41,41,41,41,41,41,41,41,41,41,41,41,41,41,41,41,41,41,41,41,41,41,41,41,41,41
41,41,41,41,41,1,41,41,41,41,41,41,41,41,41,41,41,41,41,41,41,41,41,41,41,41,41,41,41,41,41,41,41,41,3,3,3,3,41,41,41,41,41,41,41,41,41,41,1,41,41,41,41,41,41,41,41,41,41,41,41,41,41,41,41,41,41,41,41,41,41,41,41,41,41,41,41,41,41,41,41,41,41,41,41,41,41,41,41,41,41,41,41,41,41,41,41
41,41,41,41,41,41,41,41,41,41,41,41,41,41,41,41,41,41,41,41,41,41,3,3,3,41,41,41,41,41,41,41,41,3,3,3,3,3,3,3,3,3,41,41,41,41,41,41,41,41,41,41,41,41,41,41,41,41,41,41,41,41,41,41,41,41,41,41,41,41,41,41,41,41,41,41,41,41,41,41,41,41,41,41,41,41,41,41,41,41,41,41,41,41,41,41,41
41,41,41,41,41,41,41,41,41,41,41,41,41,41,41,41,41,41,41,41,3,3,3,3,3,3,41,41,41,41,41,3,3,3,3,3,3,3,3,3,3,3,3,41,41,41,41,41,41,41,41,41,41,41,41,41,41,41,41,41,41,41,41,41,41,41,41,41,41,41,41,41,41,41,41,41,41,41,41,41,41,41,41,41,41,41,41,41,41,41,41,41,41,41,41,41,41
41,41,41,41,41,41,41,41,41,41,41,41,41,41,41,41,41,41,41,3,3,3,3,3,3,3,3,41,41,41,3,3,3,3,3,3,3,3,3,3,3,3,3,3,3,3,41,41,41,41,41,41,41,41,41,41,41,41,41,41,41,41,41,41,41,41,41,41,41,3,3,3,3,3,41,41,41,41,41,41,41,41,41,41,41,41,41,41,41,41,41,41,41,41,41,41,41
41,41,41,41,41,41,41,41,41,41,41,41,41,41,41,41,41,41,41,3,3,3,3,3,3,3,3,3,41,3,3,3,3,3,3,3,3,3,3,3,3,3,3,3,3,3,3,3,3,41,41,41,41,41,41,41,41,41,41,41,41,41,41,41,41,41,41,41,3,3,3,3,3,3,3,41,41,41,41,41,41,41,41,41,41,41,41,41,41,41,41,41,41,41,41,41,41
41,41,41,41,41,41,41,41,41,41,41,41,41,41,41,41,41,41,3,3,3,3,3,3,3,3,3,3,3,3,3,3,3,3,3,1,1,1,1,3,3,3,3,3,3,3,3,3,3,3,41,41,41,41,41,41,41,41,41,41,41,41,41,41,41,41,41,41,3,3,3,50,2,120,3,3,41,41,41,41,41,41,41,41,41,41,41,41,41,41,41,41,41,41,41,41,41
41,41,41,41,41,41,41,41,41,41,41,41,41,41,41,41,3,3,3,3,3,3,3,3,3,3,3,3,3,3,3,3,3,1,1,1,1,1,1,1,1,3,3,3,3,3,3,3,3,3,41,41,41,41,41,41,41,41,41,41,41,41,41,41,41,41,41,41,3,3,3,2,2,2,3,3,3,3,3,3,3,41,41,41,41,41,41,41,41,41,41,41,41,41,41,41,41
41,41,41,41,41,41,41,41,41,41,41,41,41,41,41,3,3,3,3,3,3,3,3,3,3,3,3,3,3,3,3,3,1,1,1,1,1,1,1,1,1,1,1,3,3,3,3,3,3,3,41,41,41,41,41,41,41,41,41,41,41,41,41,41,41,41,41,41,41,41,3,2,2,2,2,3,3,3,3,3,3,41,41,41,41,41,41,41,41,41,41,41,41,41,41,41,41
41,41,41,41,41,41,41,41,41,41,41,41,41,3,3,3,3,3,3,3,3,3,3,1,1,1,3,3,3,3,1,1,1,1,1,1,1,1,1,1,1,1,1,1,3,3,3,3,3,3,3,41,41,41,41,41,41,41,41,41,41,41,41,41,41,41,41,41,41,41,3,2,2,2,2,2,2,3,3,3,3,3,41,41,41,41,41,41,41,41,41,41,41,41,41,41,41
41,41,41,41,41,41,41,41,41,41,41,41,3,3,3,3,3,3,3,3,3,1,1,1,1,1,1,3,3,1,1,1,1,1,1,1,1,1,1,1,1,1,1,1,1,3,3,3,3,3,3,41,41,41,41,41,41,41,41,41,41,41,41,41,41,41,41,41,41,41,41,3,3,2,2,2,2,2,3,3,40,3,3,41,41,41,41,41,41,41,41,41,41,41,41,41,41
41,41,41,41,41,41,41,41,41,41,41,41,3,3,3,3,3,3,1,1,1,1,1,1,1,1,1,1,1,1,1,1,1,1,1,1,1,1,1,1,1,1,1,1,3,3,3,3,3,3,3,3,41,41,41,41,41,41,41,41,41,41,41,41,41,41,41,41,41,41,41,3,3,2,2,2,2,2,2,3,3,3,3,3,41,41,41,41,41,41,41,41,41,41,41,41,41
41,41,41,41,41,41,41,41,41,3,3,3,3,3,3,3,3,1,1,1,1,1,1,1,1,1,1,1,1,1,1,1,1,1,1,1,1,1,1,1,1,1,1,3,3,3,3,3,3,3,3,3,41,41,41,41,41,41,41,41,41,41,41,41,41,41,41,41,41,41,41,3,2,2,2,2,2,2,2,3,3,3,3,3,41,41,41,41,41,41,41,41,41,41,41,41,41
41,41,41,41,41,41,41,41,41,41,41,3,3,3,3,3,1,1,1,1,1,1,1,1,1,1,1,1,1,1,1,1,1,1,2,2,2,2,2,1,1,1,1,1,3,3,3,3,3,3,3,41,41,41,41,41,41,41,41,41,41,41,41,41,41,41,41,41,41,41,41,3,2,2,2,2,2,2,2,3,3,3,3,41,41,41,41,41,41,41,41,41,41,41,41,41,41
41,41,41,41,41,41,41,41,41,41,41,3,3,3,3,1,1,1,1,1,1,1,1,1,1,1,1,1,1,1,1,1,1,2,2,2,2,2,2,1,1,1,1,1,3,3,3,3,3,3,3,3,41,41,41,41,41,41,41,41,41,41,41,41,41,41,41,41,41,41,3,3,3,3,2,2,2,2,2,2,3,3,41,41,41,41,41,41,41,41,41,41,41,41,41,41,41
41,41,41,41,41,41,41,41,41,41,3,3,3,3,3,3,1,1,1,1,1,1,1,1,1,1,1,1,1,1,1,1,2,2,2,2,2,2,2,1,1,1,1,1,1,3,3,3,3,3,3,3,3,41,41,41,41,41,41,41,41,41,41,41,41,41,41,41,41,3,3,3,3,2,2,2,2,2,2,2,3,3,41,41,41,41,41,41,41,41,41,41,41,41,41,41,41
41,41,41,41,41,41,41,41,41,41,3,3,3,3,3,3,3,1,1,1,1,1,1,1,1,1,1,1,1,2,2,2,2,2,2,2,2,2,2,2,2,1,1,1,1,3,3,3,3,3,3,3,3,41,41,41,41,41,41,41,41,41,41,41,41,41,41,3,3,3,3,2,2,2,2,2,2,2,2,3,3,3,3,41,41,41,41,41,41,41,41,41,41,41,41,41,41
41,41,41,41,41,41,41,41,41,41,41,3,3,3,3,3,3,1,1,1,1,1,1,1,1,1,2,2,2,2,2,2,2,2,2,2,2,2,2,2,2,1,1,1,1,3,3,3,3,3,3,3,41,41,41,41,41,41,41,41,41,41,41,41,41,41,41,41,41,3,3,2,2,2,2,2,2,2,2,3,3,3,3,3,41,41,41,41,41,41,41,41,41,41,41,41,41
41,41,41,41,41,41,41,41,41,41,41,3,3,3,3,3,3,3,3,1,1,1,1,1,1,2,2,2,2,2,2,2,2,2,2,2,2,2,2,2,2,1,1,1,1,1,3,3,3,3,3,3,41,41,41,41,41,41,41,41,41,41,41,41,41,41,41,41,41,41,3,3,3,2,2,2,2,2,2,3,3,3,3,3,41,41,41,41,41,41,41,41,41,41,41,41,41
41,41,41,41,41,41,41,41,41,41,41,41,3,3,3,3,3,3,3,1,1,1,1,1,1,2,2,2,2,2,2,2,2,2,2,2,2,2,2,2,2,1,1,1,1,1,1,3,3,3,3,3,3,3,41,41,41,41,41,41,41,41,41,41,41,41,41,41,41,41,41,3,3,3,2,2,2,2,2,3,3,3,3,3,41,41,41,41,41,41,41,41,41,41,41,41,41
41,41,41,41,41,41,41,41,41,41,41,41,3,3,3,3,3,3,3,1,1,1,1,1,2,2,2,2,2,2,2,2,2,2,2,2,2,2,2,2,2,2,2,1,1,1,1,3,3,3,3,3,3,3,41,41,41,41,41,41,41,41,41,41,41,41,41,41,41,41,41,41,3,3,3,3,2,2,2,2,3,3,3,3,41,41,41,41,41,41,41,41,41,41,41,41,41
41,41,41,41,41,41,41,41,41,41,41,41,3,3,3,3,3,3,3,1,1,1,1,1,1,2,2,2,2,2,2,2,2,2,2,2,2,40,2,2,2,2,2,1,1,1,1,1,3,3,3,3,3,3,41,41,41,41,41,41,41,41,41,41,41,41,41,41,41,41,41,41,3,3,3,3,2,2,2,2,2,3,3,41,41,41,41,41,41,41,41,41,41,41,41,41,41
41,41,41,41,41,41,41,41,41,41,41,41,41,3,3,3,3,3,3,1,1,1,1,1,1,2,2,2,2,2,2,2,2,2,2,2,2,2,2,2,2,2,2,2,1,1,1,3,3,3,3,3,3,3,3,41,41,41,41,41,41,41,41,41,41,41,41,41,41,41,41,41,3,3,3,3,2,2,2,2,2,3,3,41,41,41,41,41,41,41,41,41,41,41,41,41,41
41,41,41,41,41,41,41,41,41,41,41,41,41,41,3,3,3,3,1,1,1,1,1,1,1,2,2,2,2,2,2,2,2,2,2,2,2,2,2,2,2,2,2,2,1,1,3,3,3,3,3,3,3,3,3,41,41,41,41,41,41,41,41,41,41,41,41,41,41,41,3,3,3,3,3,2,2,2,2,2,2,3,3,41,41,41,41,41,41,41,41,41,41,41,41,41,41
41,41,41,41,41,41,41,41,41,41,41,41,41,3,3,3,3,1,1,1,1,1,83,1,2,2,2,2,2,2,2,2,2,2,2,2,2,2,2,2,2,2,2,2,1,1,1,3,3,3,3,3,3,3,3,41,41,41,41,41,41,41,41,41,41,41,41,41,41,3,3,3,3,3,2,2,2,2,2,2,2,2,3,41,41,41,41,41,41,41,41,41,41,41,41,41,41
41,41,41,41,41,41,41,41,41,41,41,41,41,3,3,3,3,3,3,1,1,1,1,1,2,2,2,2,2,2,2,2,2,2,2,2,2,2,2,2,2,2,2,2,1,1,1,1,3,3,3,3,3,3,3,41,41,41,41,41,41,41,41,41,41,41,41,41,41,3,3,3,3,2,2,2,2,2,2,2,2,2,3,41,41,41,41,41,41,41,41,41,41,41,41,41,41
41,41,41,41,41,41,41,41,41,41,41,41,41,3,3,3,3,3,3,1,1,1,1,1,1,2,2,2,2,2,2,2,2,2,2,2,2,2,2,2,2,2,2,2,1,1,1,1,1,3,3,3,3,3,3,3,41,41,41,41,41,41,41,41,41,41,41,41,3,3,3,3,2,2,2,2,2,2,2,2,2,2,3,3,41,41,41,41,41,41,41,41,41,41,41,41,41
41,41,41,41,41,41,41,41,41,41,41,41,41,3,3,3,3,3,1,1,1,1,1,1,1,2,2,2,2,2,2,2,2,2,2,2,2,2,2,2,2,2,2,2,1,1,1,1,1,3,3,3,3,3,3,3,3,41,41,41,41,41,41,41,41,41,41,3,3,3,3,3,2,2,2,2,2,2,2,2,2,2,3,3,3,3,41,41,41,41,41,41,41,41,41,41,41
41,41,41,41,41,41,41,41,41,41,41,41,41,3,3,3,3,3,1,1,1,1,1,1,2,2,2,2,2,2,2,2,2,2,2,2,2,2,2,2,2,2,2,2,2,1,1,1,1,3,3,3,3,3,3,3,41,41,41,41,41,41,41,41,41,41,41,41,3,3,3,3,3,2,2,2,2,2,2,2,2,3,3,3,41,41,41,41,41,41,41,41,41,41,41,41,41
41,41,41,41,41,41,41,41,41,41,41,41,41,3,3,3,3,3,1,1,1,1,1,1,2,2,2,2,2,2,2,2,2,2,2,2,2,2,2,2,2,2,2,2,2,2,1,1,1,1,3,3,3,3,3,3,3,41,41,41,41,41,41,41,41,41,41,41,41,3,2,2,2,2,2,2,2,2,2,2,2,3,3,41,41,41,41,41,41,41,41,41,41,41,41,41,41
41,41,41,41,41,41,41,41,41,41,41,41,41,41,3,3,3,3,1,1,1,1,1,1,1,2,2,2,2,2,2,2,2,2,2,2,2,2,2,2,2,2,2,2,2,2,1,1,1,1,1,3,3,3,3,3,41,41,41,41,41,41,41,41,41,41,41,41,41,3,2,2,2,2,2,2,2,2,2,2,2,3,3,41,41,41,41,41,41,41,41,41,41,41,41,41,41
41,41,41,41,41,41,41,41,41,41,41,41,41,3,3,3,3,3,1,1,1,1,1,1,1,2,2,2,2,2,2,2,1,1,1,2,2,2,2,2,1,1,1,2,1,1,1,1,1,1,1,3,3,3,3,41,41,41,41,41,41,41,41,41,41,41,41,41,3,3,3,2,2,2,2,2,2,2,2,2,3,3,3,41,41,41,41,41,41,41,41,41,41,41,41,41,41
41,41,41,41,41,41,41,41,41,41,41,41,41,3,3,3,3,3,3,1,1,1,1,1,1,2,2,2,2,2,2,2,1,1,2,2,2,2,2,1,1,1,1,1,1,1,1,1,1,1,3,3,3,3,41,41,41,41,41,41,41,41,41,41,41,41,41,41,41,41,3,3,3,2,2,2,2,2,2,2,3,3,3,41,41,41,41,41,41,41,41,41,41,41,41,41,41
41,41,41,41,41,41,41,41,41,41,41,41,41,41,3,3,3,3,3,3,1,1,1,1,1,1,1,2,2,1,1,1,1,1,1,1,1,1,1,1,1,1,1,1,1,1,120,3,3,3,3,3,3,3,3,41,41,41,41,41,41,41,41,41,41,41,41,41,41,41,3,3,3,3,2,2,2,2,2,2,3,3,3,41,41,41,41,41,41,41,41,41,41,41,41,41,41
41,41,41,41,41,41,41,41,41,41,41,41,41,41,3,3,3,3,3,3,3,1,1,1,1,1,1,1,1,1,1,1,1,1,1,1,1,1,1,1,1,1,1,1,1,1,3,3,3,3,3,3,3,3,3,3,41,41,41,41,41,41,41,41,41,41,41,41,41,41,3,3,3,3,3,2,2,2,2,2,3,3,3,3,41,41,41,41,41,41,41,41,41,41,41,41,41
41,41,41,41,41,41,41,41,41,41,41,41,41,41,3,3,3,3,3,3,3,1,1,1,1,1,1,1,1,1,1,1,1,1,1,1,1,1,1,1,1,1,1,3,3,3,3,3,3,3,3,3,3,3,3,3,41,41,41,41,41,41,41,41,41,41,41,41,41,41,41,41,3,3,3,3,2,2,2,2,2,3,3,3,3,41,41,41,41,41,41,41,41,41,41,41,41
41,41,41,41,41,41,41,41,41,41,41,41,41,41,3,3,3,3,3,3,3,1,1,3,3,1,1,1,1,1,1,1,1,1,1,1,1,1,1,1,1,1,3,3,3,3,3,3,3,3,3,3,3,3,3,41,41,41,41,41,41,41,41,41,41,41,41,41,41,41,41,41,41,3,3,3,3,2,2,2,2,2,2,3,3,41,41,41,41,41,41,41,41,41,41,41,41
41,41,41,41,41,41,41,41,41,41,41,41,41,41,3,3,3,3,3,3,3,3,3,3,3,3,1,1,3,3,1,1,3,3,3,3,1,1,1,1,3,3,3,3,3,3,3,3,41,41,3,3,3,3,3,41,41,41,41,41,41,41,41,41,41,41,41,41,41,41,41,41,41,41,3,3,3,3,2,2,2,2,2,3,3,41,41,41,41,41,41,41,41,41,41,41,41
41,41,41,41,41,41,41,41,41,41,41,41,41,41,3,3,3,3,3,3,3,3,3,3,3,3,3,3,3,3,3,3,3,3,3,3,3,3,3,3,3,3,3,3,3,3,3,41,41,41,41,41,41,41,41,41,41,41,41,41,41,41,41,41,41,41,41,41,41,41,41,41,41,41,3,3,3,3,2,2,2,2,3,3,3,41,41,41,41,41,41,41,41,41,41,41,41
41,41,41,41,41,41,41,41,41,41,41,41,41,3,3,3,3,3,3,3,3,3,3,3,3,3,3,3,3,3,3,3,3,3,3,3,3,3,3,3,3,3,3,3,3,3,3,3,41,41,41,41,41,41,41,41,41,41,41,41,41,41,41,41,41,41,41,41,41,41,41,41,41,41,3,3,3,2,2,2,2,3,3,3,41,41,41,41,41,41,41,41,41,41,41,41,41
41,41,41,41,41,41,41,41,41,41,41,41,41,3,3,3,3,3,3,3,3,3,3,3,3,3,3,3,3,3,3,3,3,3,3,3,3,3,3,3,3,3,3,3,3,3,3,3,41,41,41,41,41,41,41,41,41,41,41,41,41,41,41,41,41,41,3,3,3,3,3,41,41,41,3,3,3,2,2,2,3,3,3,41,41,41,41,41,41,41,41,41,41,41,41,41,41
41,41,41,41,41,41,41,41,41,41,41,41,41,41,3,3,3,3,3,3,3,3,3,3,3,3,3,3,3,3,3,3,3,3,3,3,3,3,3,3,3,3,3,40,3,3,3,3,41,41,41,41,41,41,41,41,41,41,41,41,41,41,41,41,41,3,3,3,3,3,3,3,3,3,3,3,3,2,2,2,3,3,3,41,41,41,41,41,41,41,41,41,41,41,41,41,41
41,41,41,41,41,41,41,41,41,41,41,41,41,41,41,41,41,41,3,3,3,3,3,3,3,3,3,3,3,3,3,3,3,3,3,3,3,3,3,3,3,3,3,3,3,3,3,41,41,41,41,41,41,41,41,41,41,41,41,41,41,41,41,41,3,3,3,3,3,3,120,3,3,3,3,3,3,2,2,2,3,3,3,41,41,41,41,41,41,41,41,41,41,41,41,41,41
41,41,41,41,41,41,41,41,41,41,41,41,41,41,41,41,41,41,41,41,41,41,3,3,3,3,3,3,3,3,3,3,3,3,41,41,3,3,3,3,3,3,3,3,3,3,41,41,41,41,41,41,41,41,41,41,41,41,41,41,41,41,41,3,3,3,3,3,3,3,3,3,3,3,3,3,2,2,2,2,2,3,3,41,41,41,41,41,41,41,41,41,41,41,41,41,41
41,41,41,41,41,41,41,41,41,41,41,41,41,41,41,41,41,41,41,41,41,41,41,41,41,3,3,3,41,41,3,120,3,41,41,41,41,3,3,3,3,3,3,3,41,41,41,41,41,41,41,41,41,41,41,41,41,41,41,41,41,41,3,3,3,3,3,3,3,2,2,2,2,3,3,2,2,2,2,2,2,3,3,3,41,41,41,41,41,41,41,41,41,41,41,41,41
41,41,41,41,41,41,41,41,41,41,41,41,41,41,41,41,41,41,41,41,41,41,41,41,41,41,41,41,41,41,41,41,41,41,41,41,41,41,41,41,41,3,3,41,41,41,41,41,41,41,41,41,41,41,41,41,41,41,3,3,3,3,3,3,3,3,3,3,2,2,2,2,2,2,2,2,2,2,2,2,2,3,3,3,41,41,41,41,41,41,41,41,41,41,41,41,41
41,41,41,41,41,41,41,41,41,41,41,41,41,41,41,41,41,41,41,41,41,41,41,41,41,41,41,41,41,41,41,41,41,41,41,41,41,41,41,41,41,41,41,41,41,41,41,41,41,41,41,41,41,41,41,41,41,3,3,3,3,3,3,3,3,3,3,2,2,2,2,2,2,2,2,2,2,2,2,2,2,2,3,3,41,41,41,41,41,41,41,41,41,41,41,41,41
41,41,41,41,41,41,41,41,41,41,41,41,41,41,41,41,41,41,41,41,41,41,41,41,41,41,41,41,41,41,41,41,41,41,41,41,41,41,41,41,41,41,41,41,41,41,41,41,41,41,41,41,41,41,41,41,41,3,3,3,3,3,2,2,2,3,2,2,2,2,2,2,2,2,2,2,2,2,2,2,2,2,3,3,41,41,41,41,41,41,41,41,41,41,41,41,41
41,41,41,41,41,41,41,41,41,41,41,41,41,41,41,41,41,41,41,41,41,41,41,41,41,41,41,41,41,41,41,41,41,41,41,41,41,41,41,41,41,41,41,41,41,41,41,41,41,41,41,41,41,41,41,41,41,3,3,3,3,2,2,2,2,2,2,2,2,2,2,2,2,2,2,2,2,2,2,2,2,2,3,3,3,41,41,41,41,41,41,41,41,41,41,41,41
41,41,41,41,41,41,41,41,41,41,41,41,41,41,41,41,41,41,41,41,41,41,41,41,41,41,41,41,41,41,41,41,41,41,41,41,41,41,41,41,41,41,41,41,41,41,41,41,41,41,41,41,41,41,41,41,41,41,3,3,3,2,2,2,2,2,2,2,2,2,2,2,2,2,2,2,2,2,2,2,2,2,3,3,3,3,41,41,41,41,41,41,41,41,41,41,41
41,41,41,41,41,41,41,41,41,41,41,41,41,41,41,41,41,41,41,41,41,41,41,41,41,41,41,41,41,41,41,41,41,41,41,41,41,41,41,41,41,41,41,41,41,41,41,41,41,41,41,41,41,41,41,41,41,41,41,3,3,3,2,2,2,2,2,2,2,2,2,2,2,2,2,2,2,2,2,2,2,3,3,3,3,3,41,41,41,41,41,41,41,41,41,41,41
41,41,41,41,41,41,41,41,41,41,41,41,41,41,41,41,41,41,41,41,41,41,41,41,41,41,41,41,41,41,41,41,41,41,41,41,41,41,41,41,41,41,41,41,41,41,41,41,41,41,41,41,41,41,41,41,41,41,41,3,3,3,3,2,2,2,2,2,2,2,2,2,2,2,2,2,2,2,2,2,2,3,3,3,3,3,41,41,41,41,41,41,41,41,41,41,41
41,41,41,41,41,41,41,41,41,41,41,41,41,41,41,41,41,41,41,41,41,41,41,41,41,41,41,41,41,41,41,41,41,41,41,41,41,41,41,41,41,41,41,41,41,41,41,41,41,41,41,41,41,41,41,41,41,41,41,3,3,3,3,3,2,2,2,2,2,2,2,2,2,2,2,2,2,2,2,3,3,3,3,3,3,41,41,41,41,41,41,41,41,41,41,41,41
41,41,41,41,41,41,41,41,41,41,41,41,41,41,41,41,41,41,41,41,41,41,41,41,41,41,41,41,41,41,41,41,41,41,41,41,41,41,41,41,41,41,41,41,41,41,41,41,41,41,41,41,41,41,41,41,41,41,41,3,3,3,3,3,3,2,2,2,2,2,2,2,2,2,2,2,2,2,2,3,3,3,3,3,41,41,41,41,41,41,41,41,41,41,41,41,41
41,41,41,41,41,41,41,41,41,41,41,41,41,41,41,41,41,41,41,41,41,41,41,41,41,41,41,41,41,41,41,41,41,41,41,41,41,41,41,41,41,41,41,3,3,3,41,41,41,41,41,41,41,41,41,41,41,41,41,41,3,3,3,3,3,2,2,2,2,2,2,2,2,2,2,2,2,2,3,3,3,3,3,3,41,41,41,41,41,41,41,41,41,41,41,41,41
41,41,41,41,41,41,41,41,41,41,41,41,41,41,41,41,41,41,41,41,41,41,41,41,41,41,41,41,41,41,41,41,41,41,41,41,41,41,41,41,41,41,3,3,2,3,3,41,41,41,41,41,41,41,41,41,41,41,41,41,41,3,3,3,2,2,2,2,2,2,2,2,2,2,2,2,2,2,3,3,3,3,3,3,41,41,41,41,41,41,41,41,41,41,41,41,41
41,41,41,41,41,41,41,41,41,41,41,41,41,41,41,41,41,41,41,41,41,41,41,41,41,41,41,41,41,41,41,41,41,41,41,41,41,41,41,41,41,41,3,3,2,3,3,41,41,41,41,41,41,41,41,41,41,41,41,3,3,3,3,2,2,2,2,2,2,2,2,2,2,2,2,2,2,2,3,3,3,3,3,41,41,41,41,41,41,41,41,41,41,41,41,41,41
41,41,41,41,41,41,41,41,41,41,41,41,3,3,3,3,41,41,41,41,41,41,41,41,41,41,41,41,41,41,41,41,41,41,41,41,41,41,41,41,41,41,3,2,2,2,3,41,41,41,41,41,41,41,41,41,41,41,41,3,3,3,3,2,2,2,2,2,2,2,2,2,2,2,2,2,2,3,3,3,3,3,41,41,41,41,41,41,41,41,41,41,41,41,41,41,41
41,41,41,41,41,41,41,41,41,41,41,41,3,3,3,3,3,41,41,41,41,41,41,41,41,41,41,41,41,41,41,41,41,41,41,41,41,41,41,41,41,41,3,2,2,2,3,41,41,41,41,41,41,41,41,41,41,41,41,3,3,3,3,2,2,2,2,2,2,2,2,2,2,2,2,2,2,3,3,3,3,41,41,41,41,41,41,41,41,41,41,41,41,41,41,41,41
41,41,41,41,41,41,41,41,41,41,41,3,3,3,3,3,3,3,41,41,41,41,41,41,41,41,41,41,41,3,3,3,3,3,41,41,41,41,41,41,41,41,3,2,2,3,3,41,41,41,41,41,41,41,41,41,41,41,3,3,3,3,3,3,2,2,2,2,2,2,2,2,2,2,2,2,3,3,3,3,3,3,41,41,41,41,41,41,41,41,41,41,41,41,41,41,41
41,41,41,41,41,41,41,41,3,3,3,3,3,3,120,3,3,3,3,41,41,41,41,41,41,41,41,41,3,3,3,3,3,3,3,41,41,41,41,41,41,3,3,3,2,3,3,3,3,3,3,3,3,3,41,41,41,3,3,3,3,3,3,3,2,2,2,2,2,2,2,2,2,2,2,2,3,3,3,3,3,3,3,41,41,41,41,41,41,41,41,41,41,41,41,41,41
41,41,41,41,41,41,41,41,3,3,3,3,3,3,3,3,3,3,3,3,3,3,3,3,3,41,41,3,3,3,3,3,3,3,3,3,41,41,41,41,3,3,3,3,3,3,3,3,3,3,3,3,3,3,3,3,3,3,3,3,3,3,3,2,2,2,2,2,2,2,2,2,2,2,2,2,2,3,3,3,3,3,3,3,41,41,41,41,41,41,41,41,41,41,41,41,41
41,41,41,41,41,41,41,41,3,3,3,3,3,3,3,2,3,3,3,3,3,3,3,3,3,3,3,3,3,3,3,3,3,3,3,3,3,3,3,3,3,3,3,3,3,3,3,2,3,3,3,3,3,3,3,3,3,3,3,3,3,3,2,2,2,2,2,2,2,2,3,3,3,2,2,2,2,3,3,3,3,3,3,3,41,41,41,41,41,41,41,41,41,41,41,41,41
41,41,41,41,41,41,41,41,3,3,3,3,3,3,3,2,2,2,3,3,3,3,3,3,3,3,3,3,3,3,3,3,3,3,3,3,3,3,3,3,3,3,3,3,3,2,2,2,2,2,3,3,3,3,3,3,3,3,3,3,3,2,2,2,2,2,2,2,2,3,3,3,3,3,2,2,2,3,3,3,3,3,3,41,41,41,41,41,41,41,41,41,41,41,41,41,41
41,41,41,41,41,41,41,41,3,3,3,3,3,2,2,2,2,2,2,2,3,3,3,3,3,3,3,3,3,3,3,3,3,3,3,3,3,3,3,3,3,3,3,3,2,2,2,2,2,2,2,3,3,3,3,3,3,3,3,3,2,2,2,2,2,2,2,2,3,3,3,3,3,3,3,3,3,3,3,3,3,3,41,41,41,41,41,41,41,41,41,41,41,41,41,41,41
41,41,41,41,41,41,41,41,3,3,3,3,3,2,2,2,2,2,2,2,2,3,3,3,3,3,3,3,3,3,3,3,3,2,2,2,2,3,3,3,3,3,3,2,2,2,2,2,2,2,2,2,2,2,2,2,2,2,2,2,2,2,2,2,2,2,2,3,3,3,3,3,3,3,3,3,3,3,3,3,3,3,41,41,41,41,41,41,41,41,41,41,41,41,41,41,41
41,41,41,41,41,41,41,41,41,3,3,3,3,3,2,2,2,2,2,2,2,2,2,2,2,2,2,3,3,3,3,2,2,2,2,2,2,2,3,3,3,3,2,2,2,2,2,2,2,2,2,2,2,2,2,2,2,2,2,2,2,2,2,2,2,2,3,3,3,3,3,3,3,120,3,3,3,3,3,3,3,3,41,41,41,41,41,41,41,41,41,41,41,41,41,41,41
41,41,41,41,41,41,41,41,41,3,3,3,3,3,3,2,2,2,2,2,2,2,2,2,2,2,2,2,3,3,2,2,2,2,2,2,2,2,2,2,2,2,2,2,2,2,2,2,2,2,2,2,2,2,2,3,3,3,2,2,2,2,2,2,2,3,3,3,3,3,3,41,41,3,3,3,3,3,3,3,3,41,41,41,41,41,41,41,41,41,41,41,41,41,41,41,41
41,41,41,41,41,41,41,41,41,3,3,3,3,3,3,3,2,2,2,2,2,2,2,2,2,2,2,2,2,2,2,2,2,2,2,2,2,2,2,2,2,2,2,2,2,2,2,2,2,2,2,2,2,2,3,3,3,3,3,3,3,3,3,3,3,3,3,3,3,3,41,41,41,41,3,3,3,3,3,3,41,41,41,41,41,41,41,41,41,41,41,41,41,41,41,41,41
41,41,41,41,41,41,41,41,41,41,3,3,3,3,3,3,3,2,2,2,2,2,2,2,2,2,2,2,2,2,2,2,2,2,2,2,2,2,2,2,2,2,2,2,2,2,2,2,2,3,2,2,2,3,3,3,3,3,3,3,3,40,3,3,3,3,3,3,3,41,41,41,41,41,41,3,3,3,41,41,41,41,41,41,41,41,41,41,41,41,41,41,41,41,41,41,41
41,41,41,41,41,41,41,41,41,41,41,41,41,3,3,3,3,3,3,3,3,3,3,2,2,3,3,3,2,2,2,2,2,2,2,2,2,2,2,2,2,2,2,2,2,2,2,3,3,3,3,3,3,3,3,3,3,3,3,3,3,3,3,3,3,3,3,3,41,41,41,41,41,41,41,41,41,41,41,41,41,41,41,41,41,41,41,41,41,41,41,41,41,41,41,41,41
41,41,41,41,41,41,41,41,41,41,41,41,41,3,3,3,3,3,3,3,3,3,3,3,3,3,3,3,3,3,2,2,2,2,2,2,2,2,2,2,2,2,2,2,2,2,3,3,3,3,3,3,3,3,3,3,3,3,41,41,41,3,3,3,3,3,3,41,41,41,41,41,41,41,41,41,41,41,41,41,41,41,41,41,41,41,41,41,41,41,41,41,41,41,41,41,41
41,41,41,41,41,41,41,41,41,41,41,41,41,41,3,3,3,3,3,3,3,3,3,3,3,3,3,3,3,3,3,3,2,2,2,2,2,2,2,2,2,2,2,2,2,3,3,3,3,3,3,3,3,3,3,3,3,3,41,41,41,41,41,41,41,41,41,41,41,41,41,41,41,41,41,41,41,41,41,41,41,41,41,41,41,41,41,41,41,41,41,41,41,41,41,41,41
41,41,41,41,41,41,41,41,41,41,41,41,41,41,41,41,41,41,3,3,3,3,3,3,41,41,41,3,3,3,3,3,3,2,2,2,2,2,2,2,2,2,2,2,3,3,3,3,3,3,3,3,3,41,41,41,41,41,41,41,41,41,41,41,41,41,41,41,41,41,41,41,41,41,41,41,41,41,41,41,41,41,41,41,41,41,41,41,41,41,41,41,41,41,41,41,180
41,41,41,41,41,41,41,41,41,41,41,41,41,41,41,41,41,3,3,3,3,3,3,41,41,41,41,3,3,3,3,3,3,3,2,2,2,2,2,2,2,2,2,2,3,3,3,3,3,3,3,3,41,41,41,41,41,41,41,41,41,41,41,41,41,41,41,41,41,41,41,41,41,41,41,41,41,41,41,41,41,180,180,180,41,41,41,41,41,41,41,180,180,180,180,180,180
41,41,41,41,41,41,41,41,41,41,41,41,41,41,41,41,3,3,3,3,3,3,41,41,41,41,41,41,3,3,3,3,3,3,3,3,2,2,2,2,2,2,2,2,3,3,3,3,41,41,41,41,41,41,41,41,41,41,41,41,41,41,41,41,41,41,41,41,41,41,41,41,41,41,41,41,41,41,41,41,180,180,180,180,180,52,180,180,180,180,180,180,180,180,180,180,180
41,41,41,41,41,41,41,41,41,41,41,41,41,41,41,41,3,3,3,3,3,3,41,41,41,41,41,41,41,3,3,3,3,3,3,3,3,3,2,2,2,2,2,2,2,3,3,3,41,41,41,41,41,41,41,41,41,41,41,41,41,41,41,41,41,41,41,41,41,41,41,41,41,41,41,41,180,180,180,180,180,180,180,180,180,3,180,180,180,180,180,180,180,180,180,180,180
41,41,41,41,41,41,41,41,41,41,41,41,41,41,41,41,41,3,3,3,3,3,41,41,41,41,41,41,41,41,41,41,41,41,3,3,3,3,3,2,2,2,2,2,2,3,3,3,41,41,41,41,41,41,41,41,41,41,41,41,41,41,41,41,41,41,41,41,41,41,41,41,41,41,41,41,180,180,180,180,180,180,180,3,3,3,3,3,180,180,180,180,180,180,180,180,180
41,41,41,41,41,41,41,41,41,41,41,41,41,41,41,41,41,41,3,3,3,41,41,41,41,41,41,41,41,41,41,41,41,41,41,3,3,3,3,3,2,2,2,2,3,3,3,3,41,41,41,41,41,41,41,41,41,41,41,41,41,41,41,41,41,41,41,41,41,41,41,41,41,41,180,180,180,180,180,180,180,180,3,3,3,3,3,3,180,180,180,180,180,180,180,180,180
41,41,41,41,41,41,41,41,41,41,41,41,41,41,41,41,41,41,41,41,41,41,41,41,41,41,41,41,41,41,41,41,41,41,41,41,3,3,3,3,3,3,3,3,3,3,3,3,41,41,41,41,41,41,41,41,41,41,41,41,41,41,41,41,41,41,41,41,41,41,41,41,41,180,180,180,180,180,180,180,3,3,3,3,3,3,3,3,3,3,3,180,180,180,180,180,180
41,41,41,41,41,41,41,41,41,41,41,41,41,41,41,41,41,41,41,41,41,41,41,41,41,41,41,41,41,41,41,41,41,41,41,41,41,3,3,3,3,3,3,3,3,3,3,41,41,41,41,41,41,41,41,41,41,41,41,41,41,41,41,41,41,41,41,41,41,41,41,41,41,180,180,180,180,180,3,180,3,3,3,3,3,3,3,3,3,3,3,3,3,3,180,180,180
41,41,41,41,41,3,3,3,41,41,41,41,41,41,41,41,41,41,41,41,41,41,41,41,41,41,41,41,41,41,41,41,41,41,41,41,41,41,3,3,3,3,3,3,41,41,41,41,41,41,41,41,41,41,41,41,41,41,41,41,41,41,41,41,41,41,41,41,41,41,41,180,180,180,180,180,180,180,3,3,3,3,3,3,3,3,3,3,3,3,3,3,3,3,180,180,180
41,41,41,41,3,3,3,3,41,41,41,41,41,41,41,41,41,41,41,41,41,41,41,41,41,41,41,41,41,41,41,41,41,41,41,41,41,41,41,3,3,41,41,41,41,41,41,41,41,41,41,41,41,41,41,41,41,41,41,41,41,41,41,41,41,41,41,41,41,41,41,52,3,3,3,3,3,3,3,3,3,3,3,3,3,3,3,3,3,3,3,3,3,180,180,180,180
41,41,41,3,3,3,3,3,41,41,41,41,41,41,41,41,41,41,41,41,41,41,41,41,41,41,41,41,41,41,41,41,41,41,41,41,41,41,41,41,41,41,41,41,41,41,41,41,41,41,41,41,41,41,41,41,41,41,41,41,41,41,41,41,41,41,41,41,41,41,41,180,180,180,180,180,180,180,180,3,3,3,3,3,3,3,3,3,3,3,3,3,180,180,180,180,180
41,41,3,3,50,3,3,3,3,3,41,41,41,41,41,41,41,41,41,41,41,41,41,41,41,41,41,41,41,41,41,41,41,41,41,41,41,41,41,41,41,41,41,41,41,41,41,41,41,41,41,41,41,41,41,41,41,41,41,41,41,41,41,41,41,41,41,41,41,41,41,180,180,180,180,180,180,180,180,180,180,3,3,3,3,3,3,3,3,180,180,180,180,180,180,180,180
41,41,3,3,3,3,120,3,3,3,41,41,41,41,41,41,41,41,41,41,41,41,41,41,41,41,41,41,41,41,41,41,41,41,41,41,41,41,41,41,41,41,41,41,41,41,41,41,41,41,41,41,41,41,41,41,41,41,41,41,41,41,41,41,41,41,41,41,41,41,41,41,180,180,180,180,180,180,180,180,180,180,180,3,3,3,3,180,180,180,180,180,180,180,180,180,180
41,41,41,3,3,3,3,3,3,3,41,41,41,41,41,41,41,41,41,41,41,41,41,41,41,41,41,41,41,41,41,41,41,41,41,41,41,41,41,41,41,41,41,41,41,41,41,41,41,41,41,41,41,41,41,41,41,41,41,41,41,41,41,41,41,41,41,41,41,41,41,41,41,180,180,180,180,180,180,180,180,180,180,180,180,3,180,180,180,180,180,180,180,180,180,180,180
41,41,41,41,41,3,3,3,41,41,41,41,41,41,41,41,41,41,41,41,41,41,41,41,41,41,41,41,41,41,41,41,41,41,41,41,41,41,41,41,41,41,41,41,41,41,41,41,41,41,41,41,41,41,41,41,41,41,41,41,41,41,41,41,41,41,41,41,41,41,41,41,41,41,180,180,180,180,180,180,180,180,180,180,180,180,180,180,180,180,180,180,180,180,180,180,180
41,41,41,41,41,41,3,41,41,41,41,41,41,41,41,41,41,41,41,41,41,41,41,41,41,41,41,41,41,41,41,41,41,41,41,41,41,41,41,41,41,41,41,41,41,41,41,41,41,41,41,41,41,41,41,41,41,41,41,41,41,41,41,41,41,41,41,41,41,41,41,41,41,41,180,180,180,180,180,180,180,180,180,180,180,180,180,180,180,180,180,180,180,180,180,180,180
41,41,41,41,41,41,41,41,41,41,41,41,41,41,41,41,41,41,41,41,41,41,41,41,41,41,41,41,41,41,41,41,41,41,41,41,41,41,41,41,41,41,41,41,41,41,41,41,41,41,41,41,41,41,41,41,41,41,41,41,41,41,41,41,41,41,41,41,41,41,41,41,41,41,180,180,180,180,180,180,180,180,180,180,180,180,180,180,180,180,180,180,180,180,180,180,180
41,41,41,41,41,41,41,41,41,41,41,41,41,41,41,41,41,41,41,41,41,41,41,41,41,41,41,41,41,41,41,41,41,41,41,41,41,41,41,41,41,41,41,41,41,41,41,41,41,41,41,41,41,41,41,41,41,41,41,41,41,41,41,41,41,41,41,41,41,41,41,41,41,41,41,180,180,180,180,180,180,180,180,180,180,180,180,180,180,180,180,180,180,180,180,180,180
@
2250,2950
bossarea
false
29,24,11,9
false
18,14,7,7
false
35,8,10,9
false
41,19,14,12
false
33,37,12,10
false
15,34,15,12
false
4,21,11,9
false
7,3,11,8
false
7,51,12,8
false
13,66,10,8
false
27,55,12,5
false
28,73,10,11
false
38,63,10,8
false
47,48,10,9
false
53,70,10,5
false
71,13,11,7
false
78,22,7,8
false
71,26,6,10
false
50,34,8,8
false
75,39,10,6
false
70,60,9,9
false
65,48,7,8
false
76,50,8,8
true
78,81,16,10
false
17,78,5,5
@
spawn
101
34,28
29,24,11,9
23
21,17
18,14,7,7
81
40,12
35,8,10,9
44
48,25
41,19,14,12
141
18,37
15,34,15,12
141
26,37
15,34,15,12
34
26,42
15,34,15,12
34
18,42
15,34,15,12
41
10,54
7,51,12,8
41
15,56
7,51,12,8
5
17,70
13,66,10,8
4
19,68
13,66,10,8
34
19,71
13,66,10,8
35
14,72
13,66,10,8
82
32,57
27,55,12,5
142
40,65
38,63,10,8
142
45,65
38,63,10,8
42
52,52
47,48,10,9
101
57,72
53,70,10,5
101
74,15
71,13,11,7
13
73,31
71,26,6,10
101
39,42
33,37,12,10
24
80,41
75,39,10,6
3
66,50
65,48,7,8
3
70,53
65,48,7,8
5
69,49
65,48,7,8
2
30,17
26,15,8,7
1
29,12
27,11,6,6
1
37,20
33,18,6,5
3
10,15
8,13,6,5
14
22,8
20,5,6,6
33
31,4
28,2,6,6
13
53,7
49,4,8,7
15
58,4
55,1,7,6
15
62,13
59,10,6,5
4
51,15
48,12,7,6
3
59,20
56,17,7,5
2
64,27
60,25,8,6
2
66,19
63,17,7,5
2
79,5
76,2,7,6
1
88,10
84,7,7,6
31
91,24
87,22,7,5
32
41,4
38,2,8,4
12
25,50
22,47,8,6
2
28,66
24,63,7,6
3
43,56
40,52,5,9
1
34,70
32,67,4,5
31
35,51
32,48,7,6
4
62,63
59,59,7,6
34
64,66
60,63,8,6
2
44,76
41,73,8,6
1
43,84
40,81,8,6
41
59,84
55,80,8,7
22
67,76
64,73,7,6
34
79,72
75,70,9,5
2
87,61
85,59,7,6
1
90,65
87,62,6,7
2
84,66
81,62,7,7
1
89,57
86,54,6,6
33
63,40
60,37,7,7
12
61,36
60,34,5,5
11
61,45
58,43,7,4
2
60,23
57,19,8,8
4
65,23
62,20,7,6
3
67,4
64,1,6,6
2
5,35
2,33,8,7
3
8,44
5,42,6,4
162
85,85
78,81,16,10
23
74,64
70,60,9,9
42
80,53
76,50,8,8
51
81,25
78,22,7,8
41
12,7
7,3,11,8
42
9,25
4,21,11,9
23
22,43
15,34,15,12
161
32,78
28,73,10,11
81
42,68
38,63,10,8
2
75,47
73,46,4,3
2
67,45
66,44,3,3
14
61,51
59,49,5,4
15
62,56
61,55,3,3
1
51,67
49,65,5,4
2
56,66
54,64,5,4
44
53,37
50,34,8,8
2
87,18
84,15,7,6
5
73,23
71,21,5,4
2
81,34
79,32,5,5
1
66,58
64,57,4,3
2
66,71
65,70,3,3
2
46,75
41,73,8,6
2
22,58
20,57,5,3
4
23,54
21,52,4,4
2
13,48
11,47,5,3
3
2,50
0,48,5,5
15
7,63
5,61,5,5
31
3,71
1,69,5,5
3
9,69
7,67,5,6
113
19,80
17,78,5,5
3
6,77
3,75,6,5
2
11,83
9,81,5,6
33
1,84
0,81,3,6
34
14,91
12,89,5,4
2
21,87
19,85,5,5
12
31,88
29,86,6,5
2
40,92
38,90,5,5
5
50,89
48,87,5,5
2
67,92
65,90,4,4
35
59,89
57,87,5,5
14
74,77
72,75,5,5
2
89,73
87,71,5,4
2
90,48
88,46,5,5
33
93,41
91,39,5,5
2
87,36
85,34,5,5
15
93,31
91,29,5,6
2
94,14
92,12,5,6
2
3,12
1,10,4,5
12
4,18
2,16,5,4
@
sign
22,28
折り鶴はよく燃えるから;溶岩に落とすんじゃない！
@