0,0,0,0,0,0,0,0,0,0,0,0,0,0,0,0,0,0,0,0,0,0,0,0,0,0,0,0,0
0,41,41,41,41,41,0,0,0,0,0,0,0,0,0,0,0,0,0,0,0,0,0,0,0,0,0,0,0
0,41,133,133,133,133,0,0,0,0,1,1,1,131,131,180,180,132,1,1,131,1,0,0,0,0,0,0,0
0,41,1,1,180,1,0,0,0,0,1,131,131,130,1,180,180,1,131,1,133,132,0,0,0,0,0,0,0
0,41,1,66,180,1,65,1,1,1,131,130,180,1,1,1,1,130,133,180,130,131,0,0,0,0,0,0,0
0,41,1,1,180,1,0,0,0,0,130,1,1,131,132,180,180,132,1,1,131,1,0,0,0,0,0,0,0
0,41,133,133,133,133,0,0,0,0,1,133,1,1,131,180,180,1,132,1,1,132,0,0,0,0,0,0,0
0,41,41,41,41,41,0,0,0,0,0,0,1,0,0,0,0,0,0,1,0,0,0,0,0,0,0,0,0
0,131,131,132,1,1,0,0,0,0,0,0,1,0,0,0,0,0,0,1,0,0,0,0,0,0,0,0,0
0,130,0,132,1,1,0,0,0,0,0,0,1,0,0,0,0,0,0,1,0,0,0,0,0,0,0,0,0
0,130,0,132,1,1,0,0,0,0,0,0,65,0,0,0,0,0,0,1,0,0,135,135,1,1,137,137,0
0,130,0,131,131,132,0,0,0,0,131,131,1,131,132,0,0,0,0,1,1,0,1,1,1,1,1,1,0
0,130,133,133,0,132,0,0,0,0,130,1,1,1,132,0,0,0,0,1,1,68,1,134,1,1,134,1,0
0,1,1,130,0,132,1,1,1,1,1,1,1,1,1,1,1,1,1,1,1,0,1,1,137,135,1,1,0
0,1,1,130,0,132,0,0,0,0,130,1,1,1,132,0,0,0,0,1,1,64,1,136,1,1,136,1,0
0,1,1,130,133,133,0,0,0,0,130,133,1,133,133,0,0,0,0,1,1,0,1,1,1,1,1,1,0
0,1,1,1,1,1,0,0,0,0,0,0,1,0,0,0,0,0,0,1,0,0,135,135,1,1,137,137,0
0,1,0,0,1,1,0,0,0,0,0,0,1,0,0,0,0,0,0,1,0,0,0,0,0,0,0,0,0
0,1,131,131,132,1,0,0,0,0,0,0,1,0,0,0,0,0,0,1,0,0,0,0,0,0,0,0,0
0,1,130,180,132,1,0,0,0,0,0,0,69,0,0,0,0,0,0,1,0,0,0,0,0,0,0,0,0
0,1,130,133,133,1,0,0,0,0,131,131,131,131,132,0,0,0,0,131,130,131,132,133,130,131,132,0,0
0,1,1,0,0,1,0,0,0,0,130,41,41,41,132,0,0,0,0,130,132,132,131,132,133,130,133,0,0
0,1,1,1,1,1,1,1,1,1,130,41,0,41,132,1,1,1,1,131,132,131,132,133,131,132,131,0,0
0,0,0,0,0,0,0,0,0,0,130,41,41,41,132,0,0,0,0,132,133,132,133,130,131,133,130,0,0
0,0,0,0,0,0,0,0,0,0,130,133,133,133,133,0,0,0,0,133,131,132,133,132,130,131,132,0,0
0,0,0,0,0,0,0,0,0,0,0,0,1,0,0,0,0,0,0,0,0,0,0,0,0,0,0,0,0
0,0,0,0,0,0,0,0,0,0,0,0,1,0,0,0,0,0,0,0,0,0,0,0,0,0,0,0,0
0,0,0,0,0,0,0,0,0,0,0,0,1,0,0,0,0,0,0,0,0,0,0,0,0,0,0,0,0
0,0,0,0,0,0,0,0,0,0,0,0,1,0,0,0,0,0,0,0,0,0,0,0,0,0,0,0,0
0,0,0,0,0,0,0,0,0,0,1,1,1,1,1,0,0,0,0,0,0,0,0,0,0,0,0,0,0
0,0,0,0,0,0,0,0,0,0,1,1,130,1,1,0,0,0,0,0,0,0,0,0,0,0,0,0,0
0,0,0,0,0,0,0,0,0,0,1,133,62,131,1,0,0,0,0,0,0,0,0,0,0,0,0,0,0
0,0,0,0,0,0,0,0,0,0,1,1,132,1,1,0,0,0,0,0,0,0,0,0,0,0,0,0,0
0,0,0,0,0,0,0,0,0,0,1,1,1,1,1,0,0,0,0,0,0,0,0,0,0,0,0,0,0
0,0,0,0,0,0,0,0,0,0,0,0,0,0,0,0,0,0,0,0,0,0,0,0,0,0,0,0,0
@
1250,1350
bossarea
false
10,29,5,5
false
19,20,8,5
false
17,2,5,5
false
1,8,5,8
true
22,10,6,7
@
spawn
1
11,23
10,20,5,5
1
13,21
10,20,5,5
31
24,21
19,20,8,5
31
24,23
19,20,8,5
11
22,22
19,20,8,5
2
18,5
17,2,5,5
12
20,4
17,2,5,5
1
13,4
10,2,5,5
11
11,4
10,2,5,5
11
4,9
1,8,5,8
11
2,14
1,8,5,8
31
1,13
1,8,5,8
31
5,10
1,8,5,8
1
2,21
1,17,5,5
1
4,18
1,17,5,5
11
1,19
1,17,5,5
11
5,20
1,17,5,5
12
11,30
10,29,5,5
32
13,32
10,29,5,5
21
26,13
22,10,6,7
12
24,15
22,10,6,7
12
24,11
22,10,6,7
1
17,13
15,13,5,1
1
7,4
5,4,5,1
1
7,22
5,22,5,1
@