500,500
16,16
0,1,0,0,3,0,0,0,1,0,0,0,0,1,1,1
0,0,0,1,1,1,1,0,1,0,1,1,0,0,3,1
1,1,0,0,0,3,1,0,0,3,0,0,0,1,0,1
0,0,0,1,1,1,1,0,1,1,1,1,1,1,0,0
0,1,0,0,3,0,0,0,1,1,0,0,0,1,1,0
0,1,1,1,1,1,1,1,3,0,0,3,0,0,0,3
0,0,0,0,0,0,1,1,0,1,0,0,0,1,1,0
1,1,1,1,1,3,0,0,0,1,1,0,1,1,1,0
1,0,0,0,0,0,1,1,1,1,1,3,0,0,0,0
1,3,1,1,1,1,1,0,3,0,1,0,1,1,1,1
1,0,0,0,0,3,1,1,0,1,1,0,1,1,1,1
1,1,1,0,1,1,1,1,0,1,1,0,1,1,1,1
1,0,0,3,0,0,0,0,3,0,0,3,1,1,1,1
1,0,1,0,1,0,1,1,0,1,1,1,1,0,3,4
1,0,1,0,1,0,1,1,3,0,0,3,1,0,0,3
1,0,0,0,0,0,1,1,1,1,1,0,3,0,0,0
x0y0
@
x2y0
7,3
@
x3y0
4,1
@
x4y0
8,1
@
x5y0
4,2
@
x6y0
4,2
@
x7y0
9,1
12,1
@
x9y0
7,2
9,2
@
x10,y0
6,3
7,3
@
x11,y0
4,1
9,1
@
x12y0
4,2
9,1
@
x0y1
2,2
@
x1y1
2,1
7,1
@
x2y1
2,3
@
x7y1
3,2
6,1
@
x9y1
3,3
@
x12y1
8,1
@
x13y1
3,3
@
x14y1
21,1
@
x2y2
1,2
6,1
11,1
@
x3y2
1,2
2,2
3,2
@
x4y2
4,2
@
x5y2
4,2
9,2
@
x7y2
6,5
@
x8y2
1,2
11,3
@
x9y2
1,3
12,2
@
x10y2
7,1
12,1
@
x11y2
4,2
9,2
@
x12y2
4,2
9,2
@
x14y2
2,1
11,3
@
x0y3
2,3
@
x1y3
3,1
7,1
@
x2y3
2,4
@
x7y3
4,2
12,1
@
x14y3
4,1
8,1
11,2
@
x15y3
9,2
12,2
@
x0y4
4,2
@
x2y4
7,4
@
x3y4
1,3
3,1
11,1
@
x4y4
3,1
11,2
@
x5y4
4,1
@
x6y4
4,2
@
x7y4
4,2
@
x10y4
4,1
8,1
@
x11y4
7,5
@
x12y4
9,2
12,2
@
x15y4
6,1
7,1
8,1
9,1
@
x0y5
4,2
9,1
@
x8y5
18,1
@
x9y5
7,2
11,2
@
x10y5
4,3
@
x11y5
22,1
@
x12y5
16,1
17,1
@
x13y5
1,2
11,2
17,1
@
x14y5
4,3
7,2
11,2
@
x15y5
19,1
@
x0y6
8,1
@
x1y6
6,3
12,3
@
x2y6
7,1
12,1
@
x3y6
4,4
12,1
@
x4y6
3,2
4,2
@
x5y6
8,1
13,2
@
x8y6
4,2
9,2
13,2
@
x10y6
8,1
@
x11y6
7,2
13,2
@
x12y6
21,2
@
x15y6
13,1
@
x5y7
21,1
@
x6y7
9,1
13,1
16,1
@
x7y7
17,2
@
x8y7
8,1
12,3
@
x11y7
3,1
13,3
@
x15y7
13,2
@
x1y8
2,3
7,3
12,3
@
x2y8
16,1
17,1
@
x3y8
18,2
@
x4y8
21,1
@
x5y8
8,1
@
x11y8
17,1
18,1
@
x12y8
1,15
@
x13y8
8,1
11,1
12,1
13,1
@
x14y8
4,1
13,1
@
x15y8
3,2
13,2
@
x1y9
19,1
@
x7y9
16,1
@
x8y9
18,1
@
x9y9
16,1
@
x11y9
16,1
@
x1y10
9,4
13,2
@
x2y10
16,1
17,1
18,1
@
x3y10
11,3
12,3
13,3
@
x4y10
1,2
2,2
3,2
4,2
@
x5y10
19,1
@
x8y10
11,3
@
x11y10
21,2
@
x3y11
21,1
@
x8y11
3,1
@
x11y11
2,2
7,1
@
x1y12
8,2
@
x2y12
8,2
16,2
@
x3y12
17,2
@
x4y12
8,2
18,1
@
x5y12
16,1
17,2
@
x6y12
8,3
@
x7y12
4,5
13,1
@
x8y12
22,1
@
x9y12
16,1
17,1
21,1
@
x10y12
4,2
21,1
@
x11y12
8,1
19,1
@
x1y13
6,2
19,1
@
x3y13
16,1
17,1
@
x5y13
8,3
@
x8y13
8,1
13,4
16,1
@
x13y13
6,5
7,5
9,5
@
x14y13
22,1
@
x15y13
31,1
@
x1y14
9,5
16,2
@
x3y14
4,2
19,1
@
x5y14
22,2
@
x8y14
4,1
22,1
@
x9y14
16,3
@
x10y14
21,4
@
x11y14
16,1
18,1
@
x13y14
4,10
@
x14y14
8,1
9,5
@
x15y14
22,1
@
x1y15
21,3
@
x2y15
21,3
@
x3y15
22,1
@
x4y15
21,3
@
x5y15
21,2
@
x11y15
8,5
22,1
@
x12y15
22,1
@
x13y15
16,1
17,1
18,1
21,1
22,1
@
x14y15
4,10
@
x15y15
1,5
2,5
3,5
4,5
@