1500,5500
7,7
1,1,1,0,0,3,1
0,0,0,0,1,0,1
0,1,1,3,0,3,0
3,0,3,0,1,1,0
0,1,0,1,0,0,3
0,0,0,1,0,1,1
1,1,1,1,3,3,4
x0y5
1,3
@
x2y5
1,3
@
x0y4
6,3
@
x2y4
6,3
@
x0y3
1,2
6,2
@
x1y3
3,3
@
x2y3
2,2
7,2
@
x3y3
5,2
10,2
@
x0y2
1,3
11,3
@
x0y1
3,2
@
x1y1
4,1
9,2
@
x2y1
9,1
12,1
@
x3y1
1,2
2,1
3,1
@
x3y2
28,1
@
x3y0
1,2
2,3
@
x4y0
7,1
9,1
12,1
@
x5y0
16,1
@
x5y1
5,1
10,1
@
x4y2
8,1
@
x5y2
21,1
@
x6y2
2,1
3,1
12,1
@
x6y3
10,2
@
x6y4
18,1
@
x5y4
2,2
4,1
@
x4y4
6,3
10,1
@
x4y5
5,2
10,2
@
x4y6
18,1
@
x5y6
41,1
@
x6y6
42,1
@