4500,500
7,7
1,1,1,1,0,0,1
1,3,0,3,1,0,1
1,0,1,0,1,3,1
1,0,1,4,1,0,1
0,0,3,1,3,0,0
0,1,0,0,0,1,0
3,0,0,1,0,0,3
x5y0
6,3
@
x5y1
6,2
11,2
@
x5y2
2,1
3,1
7,1
@
x5y3
2,2
12,2
@
x5y4
3,1
9,1
@
x4y4
16,1
@
x6y4
1,2
6,2
@
x6y5
1,3
11,1
@
x6y6
4,2
@
x5y6
3,1
13,1
@
x4y6
7,2
@
x4y5
7,2
@
x3y5
12,2
@
x2y5
7,1
12,1
@
x2y4
18,1
@
x2y6
6,2
12,1
@
x1y6
3,1
9,1
@
x0y6
9,2
@
x0y5
4,1
@
x0y4
3,1
13,1
@
x1y4
1,1
2,1
3,1
4,1
@
x1y3
12,1
13,1
@
x1y2
7,4
@
x1y1
17,1
@
x2y1
4,2
@
x3y1
16,1
@
x3y2
9,1
13,1
@
x3y3
21,1
@