0,0,0,0,0,0,0,0,0,0,0,0,0,0,0,0,0,0,0,0,0,0,0,0,0,0,0,0,0,0,0,0,0,0,0,0,0,0,0,0,0,0,0,0,0,0
0,0,0,0,0,0,0,0,0,0,1,1,1,0,0,0,0,0,1,1,1,2,2,2,2,2,2,2,2,2,2,1,1,1,1,1,1,1,1,1,1,1,0,0,0,0
0,0,0,0,0,0,0,0,0,0,1,1,1,1,1,1,1,1,1,1,1,2,2,2,2,2,2,2,2,2,2,1,1,1,1,1,1,1,1,1,1,1,0,0,0,0
0,0,0,0,0,0,0,0,0,0,1,1,1,1,1,1,1,1,1,1,1,2,2,2,2,2,2,2,2,2,2,1,1,1,1,1,1,1,1,0,1,1,0,0,0,0
0,0,0,0,0,0,0,0,0,0,0,1,1,1,1,1,1,1,1,1,0,2,2,2,2,2,2,2,2,2,2,1,1,1,1,1,1,1,1,0,1,1,0,0,0,0
0,0,0,0,0,0,0,0,0,0,0,1,1,1,1,0,1,1,1,1,0,2,2,2,2,2,2,2,2,2,2,1,1,1,1,1,1,1,1,1,1,1,0,0,0,0
0,0,0,0,0,0,0,0,0,0,0,1,1,1,0,0,0,1,1,1,0,2,2,2,2,2,2,2,2,2,2,1,1,1,0,0,1,1,1,1,1,1,0,0,0,0
0,0,0,0,0,0,0,0,0,0,0,1,1,1,1,0,1,1,1,1,0,2,2,2,2,2,2,2,2,2,2,1,1,1,1,1,1,1,1,1,1,1,0,0,0,0
0,0,0,0,0,0,0,0,0,0,0,1,1,1,1,1,1,1,1,1,0,2,2,2,2,2,2,2,2,2,2,1,1,1,1,1,1,1,1,0,1,1,0,0,0,0
0,0,0,0,0,0,0,0,0,0,1,1,1,1,1,1,1,1,1,1,1,2,2,2,2,2,2,2,2,2,2,1,1,1,1,1,1,1,1,0,1,1,0,0,0,0
0,0,0,0,0,0,0,0,0,0,1,1,1,1,1,1,1,1,1,1,1,2,2,2,2,2,2,2,2,2,2,1,1,1,1,1,1,1,1,1,1,1,0,0,0,0
0,0,0,0,0,0,0,0,0,0,1,1,1,1,1,1,1,1,1,1,1,2,2,2,2,2,2,2,2,2,2,1,1,1,1,1,1,1,1,1,1,1,0,0,0,0
0,0,0,0,0,0,0,0,0,0,0,0,0,1,1,1,1,1,0,0,0,0,0,0,0,0,0,0,0,0,0,2,2,2,2,2,2,2,2,2,2,2,0,0,0,0
0,0,0,0,0,0,0,0,0,0,0,0,0,1,1,1,1,1,0,0,0,0,0,0,0,0,0,0,0,0,0,2,2,2,2,2,2,2,2,2,2,2,0,0,0,0
0,0,0,0,0,0,0,0,0,0,0,0,0,1,1,1,1,1,0,0,0,0,0,0,0,0,0,0,0,0,0,2,2,2,2,2,2,2,2,2,2,2,0,0,0,0
0,0,0,0,0,0,0,0,0,0,0,0,0,1,1,1,1,1,0,0,0,0,0,0,0,0,0,0,0,0,0,2,2,2,2,2,2,2,2,2,2,2,0,0,0,0
0,0,0,0,0,0,0,0,0,0,0,0,0,1,1,1,1,1,0,0,0,0,0,0,0,0,0,0,0,0,0,2,2,2,2,2,2,2,2,2,2,2,0,0,0,0
0,0,0,0,0,0,0,0,0,0,0,1,1,1,1,1,1,1,1,1,0,0,0,0,0,0,0,0,1,1,1,1,1,1,1,1,1,1,1,1,1,1,1,1,1,0
0,0,0,0,0,0,0,0,0,0,0,1,0,1,1,1,1,1,0,1,0,0,0,0,0,0,0,0,1,0,1,1,1,1,1,1,1,1,1,1,1,1,1,0,1,0
0,1,1,1,1,1,1,1,1,1,1,1,1,1,1,1,1,1,1,1,0,0,0,0,0,0,0,0,1,1,1,1,1,1,1,1,1,1,1,1,1,1,1,1,1,0
0,1,1,1,1,1,1,1,1,1,1,1,1,1,1,1,1,1,1,1,0,0,0,0,0,0,0,0,1,1,1,1,1,1,1,1,1,1,1,1,1,1,1,1,1,0
0,1,1,1,1,1,1,1,1,1,1,1,1,1,1,1,1,1,1,1,0,0,0,0,0,0,0,0,1,1,1,1,1,1,1,1,1,1,1,1,1,1,1,1,1,0
0,1,1,1,1,1,1,1,1,1,1,1,1,1,1,1,1,1,1,1,0,0,0,0,0,0,0,0,1,1,1,0,1,1,0,1,1,1,0,1,1,0,1,1,1,0
0,1,1,1,1,1,1,1,1,1,1,1,1,1,1,1,1,1,1,1,0,0,0,0,0,0,0,0,1,1,1,1,1,1,1,1,1,1,1,1,1,1,1,1,1,0
0,0,0,0,0,0,0,0,0,0,0,1,0,1,1,1,1,1,0,1,0,0,0,0,0,0,0,0,1,1,1,1,1,1,1,1,1,1,1,1,1,1,1,1,1,0
0,0,0,0,0,0,0,0,0,0,0,1,1,1,1,1,1,1,1,1,0,0,0,0,0,0,0,0,1,1,1,1,1,1,1,1,1,1,1,1,1,1,1,1,1,0
0,0,0,0,0,0,0,0,0,0,0,0,0,0,0,0,0,0,0,0,0,0,0,0,0,0,0,0,1,0,1,1,1,1,1,1,1,1,1,1,1,1,1,0,1,0
0,0,0,0,0,0,0,0,0,0,0,0,0,0,0,0,0,0,0,0,0,0,0,0,0,0,0,0,1,1,1,1,1,1,1,1,1,1,1,1,1,1,1,1,1,0
0,0,0,0,0,0,0,0,0,0,0,0,0,0,0,0,0,0,0,0,0,0,0,0,0,0,0,0,0,0,0,0,0,0,0,0,0,0,0,0,0,0,0,0,0,0
@
250,2150
40
bossarea
false
10,1,11,11
false
11,17,9,9
false
31,1,11,11
true
28,17,17,11
@
spawn
4
15,18
11,17,9,9
4
15,24
11,17,9,9
11
17,21
11,17,9,9
4
12,6
10,1,11,11
4
18,6
10,1,11,11
11
13,3
10,1,11,11
11
17,3
10,1,11,11
4
15,2
10,1,11,11
4
11,4
10,1,11,11
4
19,4
10,1,11,11
11
10,9
10,1,11,11
11
20,9
10,1,11,11
11
20,2
10,1,11,11
11
10,2
10,1,11,11
11
26,2
22,1,8,11
4
28,5
22,1,8,11
4
24,8
22,1,8,11
4
27,10
22,1,8,11
4
25,4
22,1,8,11
11
26,7
22,1,8,11
11
35,2
31,1,11,11
11
35,10
31,1,11,11
11
41,8
31,1,11,11
11
41,4
31,1,11,11
4
39,6
31,1,11,11
4
34,4
31,1,11,11
4
34,8
31,1,11,11
4
37,7
31,1,11,11
4
37,5
31,1,11,11
11
38,9
31,1,11,11
11
38,3
31,1,11,11
4
39,1
31,1,11,11
4
39,11
31,1,11,11
100
41,6
31,1,11,11
100
31,26
28,17,17,11
100
41,26
28,17,17,11
4
33,23
28,17,17,11
4
39,23
28,17,17,11
4
37,25
28,17,17,11
4
35,25
28,17,17,11
4
30,19
28,17,17,11
4
42,19
28,17,17,11
4
32,20
28,17,17,11
4
40,20
28,17,17,11
4
36,21
28,17,17,11
11
36,23
28,17,17,11
11
44,20
28,17,17,11
11
28,20
28,17,17,11
11
32,22
28,17,17,11
11
40,22
28,17,17,11
11
34,20
28,17,17,11
11
38,20
28,17,17,11
11
32,25
28,17,17,11
11
40,25
28,17,17,11
4
30,21
28,17,17,11
4
42,21
28,17,17,11
4
29,24
28,17,17,11
4
43,24
28,17,17,11
@